8 13 0.0001
8 14 0.0001
8 15 0.0001
9 16 0.0002
8 17 0.0002
11 18 0.0165
11 19 0.0069
9 20 0.0057
10 20 0.0051
15 20 0.0017
14 20 0.0005
13 20 0.0003
8 21 0.0047
16 21 0.0139
8 22 0.0001
11 22 0.0009
16 22 0.0006
16 23 0.0007
9 24 0.0003
10 24 0.0001
12 24 0.5021
13 24 0.0006
19 24 0.0034
18 24 0.0237
8 25 0.0003
11 25 0.5025
16 25 0.0003
20 25 0.1252
7 26 0.0003
9 26 0.0092
10 26 0.4655
12 26 0.0007
13 26 0.0005
18 26 0.0060
19 26 0.1359
22 26 0.0029
8 27 0.0171
16 27 0.0003
20 27 0.0654
7 28 0.0147
9 28 0.0439
10 28 0.0001
12 28 0.0010
13 28 0.0155
18 28 0.1496
19 28 0.0705
22 28 0.0166
6 29 0.0088
9 29 0.0002
12 29 0.0153
13 29 0.0001
14 29 0.0002
15 29 0.0002
17 29 0.1434
18 29 0.0590
21 29 0.0161
22 29 0.0001
25 29 0.0006
23 29 0.0001
8 30 0.0001
11 30 0.0136
16 30 0.0777
20 30 0.0095
24 30 0.0017
24 31 0.0003
20 32 0.0019
19 33 0.0021
18 34 0.0021
17 35 0.0021
30 35 0.0001
16 36 0.0019
29 36 0.0001
28 37 0.0001
33 37 0.0019
34 38 0.0075
34 39 0.0045
35 39 0.0003
14 40 0.0004
32 40 0.1719
10 41 0.0002
13 41 0.0004
31 41 0.1887
9 42 0.0002
12 42 0.0004
30 42 0.1887
37 42 0.0005
8 43 0.0002
29 43 0.1814
34 43 0.0007
35 43 0.0003
24 44 0.0001
26 44 0.0239
28 44 0.1351
33 44 0.0007
34 44 0.0003
35 44 0.0002
12 45 0.0005
22 45 0.0047
25 45 0.0297
11 46 0.0005
20 46 0.0216
24 46 0.0202
26 46 0.0610
33 46 0.0010
10 47 0.0005
19 47 0.0445
22 47 0.0006
25 47 0.0576
31 47 0.0023
9 48 0.0005
18 48 0.0487
19 48 0.0227
22 48 0.0046
30 48 0.0023
31 48 0.0003
37 48 0.0001
14 49 0.0001
17 49 0.0449
18 49 0.0224
19 49 0.0010
21 49 0.0043
23 49 0.0134
30 49 0.0003
36 49 0.0001
13 50 0.0001
14 50 0.0001
15 50 0.0385
17 50 0.0198
18 50 0.0026
19 50 0.0002
22 50 0.0132
23 50 0.0002
12 51 0.0001
13 51 0.0001
14 51 0.0459
15 51 0.0011
17 51 0.0036
18 51 0.0002
19 51 0.0002
21 51 0.0112
22 51 0.0002
23 51 0.0073
16 52 0.0040
11 52 0.0001
20 52 0.0099
28 52 0.0079
33 52 0.0001
45 52 0.0001
48 52 0.0812
47 52 0.1205
15 53 0.0028
10 53 0.0001
14 53 0.0269
17 53 0.0003
12 53 0.0534
19 53 0.0003
13 53 0.0001
21 53 0.0098
27 53 0.0121
32 53 0.0001
46 53 0.1214
16 54 0.0003
11 54 0.0543
20 54 0.0105
26 54 0.0123
45 54 0.1221
47 54 0.7496
48 54 0.0074
18 55 0.0003
12 55 0.0343
9 55 0.0002
19 55 0.0106
10 55 0.0540
13 55 0.0001
25 55 0.0123
30 55 0.0001
44 55 0.1204
46 55 0.7604
16 56 0.0003
11 56 0.0342
8 56 0.0002
24 56 0.0123
26 56 0.0001
28 56 0.0025
45 56 0.7582
47 56 0.0005
17 57 0.0055
9 57 0.0005
15 57 0.0003
10 57 0.0321
23 57 0.0119
25 57 0.0001
27 57 0.0025
43 57 0.0992
44 57 0.6341
46 57 0.0005
16 58 0.0008
24 58 0.0001
26 58 0.0025
41 58 0.0001
42 58 0.1111
45 58 0.0003
24 59 0.0001
40 59 0.0001
41 59 0.1078
42 59 0.6867
51 59 0.0002
24 60 0.0024
35 60 0.0085
40 60 0.0409
41 60 0.6971
42 60 0.0010
50 60 0.0002
20 61 0.0001
34 61 0.0139
40 61 0.5705
49 61 0.0002
16 62 0.0002
33 62 0.0144
40 62 0.1682
48 62 0.0002
55 62 0.0009
15 63 0.0002
21 63 0.0012
18 63 0.0002
14 63 0.0003
32 63 0.0139
36 63 0.0001
39 63 0.5201
38 63 0.0960
37 63 0.0027
54 63 0.0009
17 64 0.0002
19 64 0.0043
14 64 0.0002
13 64 0.0004
32 64 0.0005
31 64 0.0135
36 64 0.0030
38 64 0.6134
37 64 0.1021
18 65 0.0046
13 65 0.0002
12 65 0.0004
30 65 0.0135
19 65 0.0007
31 65 0.0008
37 65 0.6166
52 65 0.0009
29 66 0.0042
26 66 0.0020
11 66 0.0004
28 66 0.0007
35 66 0.6401
50 66 0.0001
51 66 0.0008
34 67 0.7810
16 67 0.0005
35 67 0.0009
29 67 0.0031
49 67 0.0001
50 67 0.0008
63 67 0.0001
28 68 0.0038
33 68 0.7909
24 68 0.0075
16 68 0.0005
11 68 0.0001
48 68 0.0001
49 68 0.0005
63 68 0.0043
64 68 0.0014
15 69 0.0003
32 69 0.7875
27 69 0.0022
14 69 0.0134
31 69 0.0001
23 69 0.0075
13 69 0.0005
10 69 0.0001
61 69 0.0001
30 70 0.0004
31 70 0.7834
25 70 0.0003
22 70 0.0075
13 70 0.0170
12 70 0.0012
9 70 0.0001
62 70 0.1840
60 70 0.0001
30 71 0.5320
31 71 0.0002
21 71 0.0066
14 71 0.0430
13 71 0.0584
12 71 0.0176
9 71 0.0001
23 71 0.0003
15 71 0.0001
32 71 0.0011
59 71 0.0001
61 71 0.1844
30 72 0.0217
18 72 0.0001
12 72 0.1542
9 72 0.0064
10 72 0.0789
31 72 0.0018
19 72 0.0018
13 72 0.0585
25 72 0.0001
22 72 0.0003
58 72 0.0001
60 72 0.1845
30 73 0.0021
18 73 0.0011
12 73 0.0500
9 73 0.1811
19 73 0.0015
31 73 0.0002
13 73 0.0014
10 73 0.2735
59 73 0.1845
7 74 0.0010
18 74 0.0015
10 74 0.0379
9 74 0.4049
30 74 0.0003
12 74 0.0014
13 74 0.0001
58 74 0.1821
10 75 0.0001
7 75 0.9466
12 75 0.0001
9 75 0.0294
56 75 0.0019
9 76 0.0001
6 76 0.9869
7 76 0.0002
5 77 0.9999
4 78 0.9997
3 79 0.9999
2 80 0.9999
1 81 0.9984
