4 9 0.0006
3 10 0.0006
2 11 0.0006
1 12 0.0006
13 17 0.0001
12 17 0.0074
11 18 0.0073
12 18 0.0001
8 19 0.0001
13 19 0.0001
7 20 0.0001
9 20 0.0005
10 20 0.0001
15 20 0.0197
14 20 0.0171
8 21 0.0008
13 21 0.0091
16 21 0.0014
13 22 0.9665
16 22 0.0003
12 23 0.9907
13 23 0.0002
11 24 0.9907
12 24 0.0002
9 25 0.0032
10 25 0.9849
17 25 0.0001
8 26 0.0030
11 26 0.0002
16 26 0.0001
20 26 0.0001
7 27 0.0001
9 27 0.0013
10 27 0.0002
15 27 0.0001
19 27 0.0001
7 28 0.0006
9 28 0.0012
18 28 0.0001
23 28 0.0001
9 29 0.0001
17 29 0.0001
22 29 0.0001
8 30 0.0001
12 30 0.0001
27 31 0.0006
26 32 0.0007
26 35 0.0003
30 35 0.1607
29 36 0.1636
28 36 0.0001
32 36 0.0018
28 37 0.1637
32 37 0.4197
33 37 0.0073
27 38 0.1545
33 38 0.0045
34 38 0.0003
26 39 0.1284
31 39 0.5881
9 40 0.0005
26 40 0.0092
30 40 0.6074
36 40 0.0004
8 41 0.0004
29 41 0.6067
33 41 0.0011
28 42 0.6062
32 42 0.0011
35 42 0.1728
27 43 0.5288
34 43 0.1728
29 44 0.0051
27 44 0.0011
33 44 0.1703
25 45 0.0013
28 45 0.0061
27 45 0.0001
32 45 0.1680
35 45 0.0001
40 45 0.0254
29 46 0.0002
27 46 0.0066
34 46 0.0001
39 46 0.0171
22 47 0.0001
23 47 0.0004
26 47 0.0064
31 47 0.0260
30 47 0.0010
38 47 0.0124
43 47 0.0009
42 47 0.0006
41 47 0.0006
21 48 0.0001
22 48 0.0002
26 48 0.0005
31 48 0.0003
30 48 0.0240
37 48 0.0063
36 48 0.0001
41 48 0.0014
42 48 0.0012
43 48 0.0019
44 48 0.0014
25 49 0.0001
29 49 0.0002
28 49 0.0001
35 49 0.0001
40 49 0.0008
24 50 0.0001
30 50 0.0001
42 50 0.0141
45 50 0.0002
29 51 0.0001
34 51 0.0021
28 52 0.0001
33 52 0.0023
40 52 0.0451
20 53 0.0001
27 53 0.0001
32 53 0.0023
39 53 0.0460
19 54 0.0001
31 54 0.0023
38 54 0.0460
18 55 0.0001
24 55 0.0001
30 55 0.0021
37 55 0.0460
17 56 0.0001
23 56 0.0001
36 56 0.0460
16 57 0.0001
28 57 0.0023
35 57 0.0453
34 57 0.0007
13 58 0.0001
27 58 0.0023
33 58 0.0230
34 58 0.0229
54 58 0.0004
20 59 0.0001
12 59 0.0001
25 59 0.0001
32 59 0.0453
33 59 0.0007
54 59 0.0220
55 59 0.0071
19 60 0.0001
31 60 0.0458
24 61 0.0021
10 61 0.0001
18 61 0.0001
30 61 0.0455
53 61 0.9496
26 62 0.0002
23 62 0.0021
17 62 0.0001
9 62 0.0006
10 62 0.0001
30 62 0.0001
52 62 0.9516
22 63 0.0021
9 63 0.0006
26 63 0.0044
51 63 0.9511
25 64 0.0047
8 64 0.0014
28 64 0.0014
27 64 0.0232
11 64 0.0010
50 64 0.9513
9 65 0.0126
24 65 0.0047
7 65 0.0007
26 65 0.0241
10 65 0.0010
49 65 0.9394
23 66 0.0046
9 66 0.0013
26 66 0.0001
7 66 0.9488
45 66 0.0005
49 66 0.0003
6 67 0.9993
8 67 0.0001
7 68 0.0001
5 68 0.9994
4 69 0.9994
20 70 0.0004
3 70 0.9994
1 71 0.0001
19 71 0.0004
2 71 0.9900
18 72 0.0004
2 72 0.0007
1 72 0.8835
