13 18 0.0325
13 19 0.0006
11 20 0.0345
12 20 0.0004
15 20 0.0014
14 20 0.0036
10 21 0.0346
15 21 0.4009
8 22 0.0001
17 22 0.0117
16 22 0.0007
13 23 0.8763
16 23 0.0160
12 24 0.8781
15 24 0.0163
19 24 0.0016
18 24 0.0003
11 25 0.8769
14 25 0.0159
18 25 0.0006
19 25 0.0059
10 26 0.8723
12 26 0.0008
18 26 0.0091
19 26 0.0039
8 27 0.0041
13 27 0.0012
16 27 0.0001
17 27 0.0078
21 27 0.0060
20 27 0.0010
7 28 0.0023
9 28 0.0016
11 28 0.0109
12 28 0.0008
19 28 0.0124
6 29 0.0012
10 29 0.0110
15 29 0.0037
18 29 0.0139
19 29 0.0004
23 29 0.0001
8 30 0.0003
16 30 0.0001
17 30 0.0134
25 30 0.0001
16 31 0.0083
21 31 0.0008
24 31 0.0001
25 31 0.0213
26 31 0.0114
13 32 0.0313
20 32 0.0008
24 32 0.0340
25 32 0.0001
28 32 0.0012
12 33 0.0313
19 33 0.0008
23 33 0.0342
27 33 0.0014
11 34 0.0313
18 34 0.0007
19 34 0.0001
22 34 0.0320
10 35 0.0313
18 35 0.0004
19 35 0.0002
27 35 0.0001
8 36 0.0005
16 36 0.0003
17 36 0.0004
20 36 0.0195
7 37 0.0003
9 37 0.0026
14 37 0.0001
15 37 0.0003
18 37 0.0062
19 37 0.0186
30 37 0.0001
32 37 0.0002
8 38 0.0023
17 38 0.0069
34 38 0.0247
8 39 0.0001
16 39 0.0065
17 39 0.0031
20 39 0.0004
34 39 0.0227
7 40 0.0001
11 40 0.0009
15 40 0.0006
19 40 0.0004
31 40 0.0001
32 40 0.5245
36 40 0.0001
6 41 0.0001
10 41 0.0009
12 41 0.0001
15 41 0.0293
18 41 0.0004
19 41 0.0003
31 41 0.7416
32 41 0.0006
9 42 0.0009
11 42 0.0001
14 42 0.0294
18 42 0.0003
30 42 0.7427
31 42 0.0002
36 42 0.1089
38 42 0.0027
8 43 0.0006
13 43 0.0279
17 43 0.0003
29 43 0.7427
33 43 0.0003
35 43 0.1238
37 43 0.0034
16 44 0.0003
28 44 0.6502
34 44 0.0728
37 44 0.0025
25 45 0.0018
28 45 0.0016
34 45 0.0072
37 45 0.0006
40 45 0.0001
13 46 0.0021
24 46 0.0019
25 46 0.0089
26 46 0.0209
29 46 0.0002
28 46 0.0001
33 46 0.0104
35 46 0.0080
34 46 0.0878
42 46 0.0007
41 46 0.0096
8 47 0.0012
13 47 0.0002
24 47 0.0177
25 47 0.0075
26 47 0.0006
29 47 0.0013
28 47 0.0003
33 47 0.1683
34 47 0.0001
37 47 0.0001
40 47 0.0092
41 47 0.0009
42 47 0.0001
11 48 0.0032
10 48 0.0001
9 48 0.0002
12 48 0.0001
7 48 0.0010
22 48 0.0011
23 48 0.0156
27 48 0.0005
30 48 0.0001
31 48 0.0037
32 48 0.1719
36 48 0.0001
39 48 0.0085
44 48 0.0038
12 49 0.0001
6 49 0.0007
10 49 0.0034
23 49 0.0049
27 49 0.0144
31 49 0.1704
32 49 0.0003
43 49 0.0050
26 50 0.0080
29 50 0.0010
25 51 0.0080
28 51 0.0009
24 52 0.0080
26 52 0.0009
25 53 0.0009
26 53 0.0001
21 54 0.0022
24 54 0.0010
23 55 0.0010
19 56 0.0064
22 56 0.0005
18 57 0.0078
19 57 0.0005
17 58 0.0075
17 59 0.0013
16 59 0.0068
55 59 0.0004
16 60 0.0018
55 60 0.0146
56 60 0.0229
15 61 0.0021
14 61 0.0006
54 61 0.0007
15 62 0.0001
12 62 0.0003
54 62 0.9881
53 62 0.0005
12 63 0.0011
52 63 0.0002
53 63 0.9905
12 64 0.0072
10 64 0.0018
52 64 0.9907
11 65 0.0072
9 65 0.0017
51 65 0.9902
10 66 0.0072
50 66 0.9875
7 67 0.8692
9 67 0.0027
47 67 0.0001
46 67 0.0001
6 68 0.9975
5 69 1.0000
4 70 1.0000
3 71 0.9999
2 72 0.9978
