1 8 0.0001
1 11 0.0008
2 11 0.0005
7 11 0.0001
5 11 0.0004
8 14 0.0001
11 15 0.0007
10 16 0.0007
9 16 0.0002
12 16 0.0021
8 17 0.0002
11 17 0.0023
8 18 0.0004
11 18 0.1939
6 19 0.0002
10 19 0.1945
9 19 0.0004
15 19 0.0001
14 19 0.0577
13 19 0.0001
5 20 0.0002
10 20 0.0002
9 20 0.1933
13 20 0.0607
15 20 0.1550
8 21 0.1024
11 21 0.0002
16 21 0.0011
8 22 0.0008
16 22 0.0018
8 23 0.0001
16 23 0.0034
19 23 0.0005
3 24 0.0001
6 24 0.0001
7 24 0.0001
9 24 0.0022
12 24 0.3027
14 24 0.0001
15 24 0.0021
18 24 0.0006
17 24 0.0172
8 25 0.0029
11 25 0.3108
16 25 0.0247
19 25 0.0011
20 25 0.0001
1 26 0.0001
2 26 0.0001
5 26 0.0004
7 26 0.0029
10 26 0.3091
9 26 0.0017
13 26 0.0007
15 26 0.0248
18 26 0.0013
17 26 0.0104
21 26 0.0134
8 27 0.0015
11 27 0.0010
16 27 0.0083
20 27 0.0106
3 28 0.0004
6 28 0.0010
10 28 0.0010
9 28 0.0002
13 28 0.0001
14 28 0.0310
18 28 0.0005
22 28 0.0006
2 29 0.0004
5 29 0.0010
7 29 0.0030
9 29 0.0009
13 29 0.0321
15 29 0.0006
18 29 0.0074
17 29 0.0005
21 29 0.0007
25 29 0.0001
1 30 0.0004
4 30 0.0010
6 30 0.0029
12 30 0.0311
14 30 0.0006
17 30 0.0068
25 30 0.0002
11 31 0.0209
24 31 0.0001
26 31 0.0124
8 32 0.0001
16 32 0.0002
24 32 0.0746
7 33 0.0001
15 33 0.0002
23 33 0.0753
6 34 0.0001
10 34 0.0001
14 34 0.0002
22 34 0.0756
5 35 0.0001
9 35 0.0001
13 35 0.0002
21 35 0.0756
8 36 0.0001
20 36 0.0751
19 37 0.0603
16 38 0.0001
19 38 0.0005
33 38 0.0006
34 38 0.5773
16 39 0.0006
19 39 0.0122
33 39 0.8323
34 39 0.0006
10 40 0.0001
14 40 0.0076
15 40 0.0005
18 40 0.0412
17 40 0.0001
32 40 0.8566
9 41 0.0001
13 41 0.0077
15 41 0.0043
17 41 0.0498
31 41 0.8594
36 41 0.0001
8 42 0.0001
16 42 0.0491
30 42 0.8589
11 43 0.0028
16 43 0.0001
29 43 0.8584
35 43 0.0025
28 44 0.7233
34 44 0.0025
19 45 0.0002
24 45 0.0001
28 45 0.0014
33 45 0.0019
11 46 0.0578
8 46 0.0009
24 46 0.0133
26 46 0.0348
9 47 0.0045
10 47 0.0572
7 47 0.0003
15 47 0.0004
17 47 0.0003
23 47 0.0147
25 47 0.0315
10 48 0.0001
9 48 0.0377
6 48 0.0004
14 48 0.0005
17 48 0.0001
22 48 0.0173
23 48 0.0002
44 48 0.0005
7 49 0.0970
13 49 0.0005
9 49 0.0001
5 49 0.0004
15 49 0.0022
21 49 0.0170
43 49 0.0007
12 50 0.0005
14 50 0.0023
6 50 0.0988
4 50 0.0002
3 50 0.0002
22 50 0.0067
42 50 0.0007
44 50 0.0019
7 51 0.0001
13 51 0.0023
5 51 0.0990
18 51 0.0007
2 51 0.0003
21 51 0.0070
43 51 0.0020
46 51 0.0006
10 52 0.0005
6 52 0.0001
18 52 0.0046
17 52 0.0003
12 52 0.0023
4 52 0.0983
3 52 0.0001
1 52 0.0002
42 52 0.0019
45 52 0.0006
17 53 0.0065
9 53 0.0007
5 53 0.0001
3 53 0.0480
2 53 0.0002
39 53 0.0001
44 53 0.0005
16 54 0.0069
8 54 0.0007
19 54 0.0001
40 54 0.0002
47 54 0.0009
17 55 0.0020
9 55 0.0020
2 55 0.0081
1 55 0.0658
18 55 0.0001
15 55 0.0069
7 55 0.0007
46 55 0.0009
16 56 0.0019
8 56 0.0017
50 56 0.0044
52 56 0.0988
11 57 0.0001
35 57 0.0001
49 57 0.0040
51 57 0.1201
50 57 0.6706
52 57 0.0081
20 58 0.0003
11 58 0.0001
35 58 0.0030
34 58 0.0001
49 58 0.8582
48 58 0.0029
51 58 0.0094
50 58 0.0019
53 58 0.0001
19 59 0.0001
33 59 0.0001
34 59 0.0030
47 59 0.0021
48 59 0.8591
50 59 0.0085
52 59 0.0001
19 60 0.0005
33 60 0.0027
47 60 0.8547
2 61 0.0017
18 61 0.0006
10 61 0.0039
46 61 0.8460
27 62 0.0015
17 62 0.0006
9 62 0.0042
1 62 0.0017
31 62 0.0048
43 62 0.0013
46 62 0.0040
57 62 0.0006
16 63 0.0003
8 63 0.0017
30 63 0.0048
28 63 0.0320
52 63 0.0004
53 63 0.0001
26 64 0.0016
29 64 0.0048
28 64 0.0004
41 64 0.0009
51 64 0.0004
52 64 0.0001
55 64 0.0001
26 65 0.3336
28 65 0.0038
40 65 0.0009
41 65 0.0197
51 65 0.0001
50 65 0.0004
26 66 0.0012
24 66 0.0006
40 66 0.0164
41 66 0.0351
49 66 0.0004
50 66 0.0001
62 66 0.0094
26 67 0.0036
24 67 0.3377
40 67 0.0348
41 67 0.0001
49 67 0.0001
61 67 0.0096
23 68 0.3414
25 68 0.0030
39 68 0.0231
38 68 0.0325
60 68 0.0096
22 69 0.3449
38 69 0.0114
37 69 0.0470
59 69 0.0096
21 70 0.3453
36 70 0.0587
58 70 0.0096
35 71 0.0587
20 71 0.3453
16 72 0.0001
34 72 0.0586
19 72 0.2788
68 72 0.0004
33 73 0.0575
19 73 0.0458
16 73 0.0037
68 73 0.4311
69 73 0.0019
32 74 0.0551
18 74 0.0804
15 74 0.0030
10 74 0.0002
17 74 0.0017
14 74 0.0118
13 74 0.0001
12 74 0.0004
3 74 0.0001
67 74 0.4826
66 74 0.0001
18 75 0.1895
15 75 0.0024
7 75 0.0006
31 75 0.0390
17 75 0.0809
13 75 0.0139
10 75 0.0105
9 75 0.0006
2 75 0.0002
65 75 0.0001
67 75 0.0652
66 75 0.5208
27 76 0.0001
18 76 0.0254
15 76 0.0206
7 76 0.0026
17 76 0.1907
10 76 0.0453
9 76 0.0112
13 76 0.0029
1 76 0.0002
2 76 0.0004
64 76 0.0001
65 76 0.5208
67 76 0.0001
66 76 0.0653
27 77 0.0001
18 77 0.0055
15 77 0.1915
7 77 0.0049
10 77 0.0542
17 77 0.0255
13 77 0.0101
5 77 0.0189
9 77 0.0464
1 77 0.0004
64 77 0.5196
65 77 0.0653
66 77 0.0001
17 78 0.0052
14 78 0.1883
13 78 0.0006
12 78 0.0087
6 78 0.0048
9 78 0.0594
4 78 0.0199
3 78 0.0002
15 78 0.0291
10 78 0.0005
7 78 0.0085
60 78 0.0064
59 78 0.0010
63 78 0.4414
64 78 0.0627
65 78 0.0001
73 78 0.0003
14 79 0.0357
2 79 0.0003
3 79 0.0217
13 79 0.1812
12 79 0.0011
5 79 0.0043
6 79 0.0217
9 79 0.0056
10 79 0.0033
60 79 0.0010
59 79 0.0266
58 79 0.0025
63 79 0.0451
64 79 0.0001
72 79 0.0004
1 80 0.0004
9 80 0.0049
15 80 0.0377
13 80 0.0377
5 80 0.0234
2 80 0.0219
7 80 0.7399
10 80 0.0030
57 80 0.0026
58 80 0.0269
71 80 0.0004
9 81 0.0025
14 81 0.0378
6 81 0.7528
1 81 0.0144
2 81 0.0003
4 81 0.0144
3 81 0.0144
12 81 0.0357
10 81 0.0004
56 81 0.0022
57 81 0.0173
60 81 0.0010
59 81 0.0552
58 81 0.0020
72 81 0.0001
1 82 0.0033
9 82 0.0007
2 82 0.0229
7 82 0.0091
10 82 0.0261
5 82 0.7547
13 82 0.0378
57 82 0.0098
58 82 0.0587
71 82 0.0001
1 83 0.0174
2 83 0.0005
3 83 0.0029
4 83 0.7271
12 83 0.0331
6 83 0.0089
9 83 0.0224
7 83 0.0001
10 83 0.0010
56 83 0.0087
57 83 0.0558
59 83 0.0001
58 83 0.0001
1 84 0.0004
2 84 0.0045
3 84 0.5266
4 84 0.0003
9 84 0.0005
5 84 0.0073
6 84 0.0001
7 84 0.0001
10 84 0.0004
56 84 0.0324
57 84 0.0001
58 84 0.0001
