6 10 0.0001
5 11 0.0001
4 12 0.0001
3 13 0.0001
11 15 0.0115
10 16 0.0117
9 17 0.0114
8 18 0.0101
11 18 0.0039
13 18 0.0557
12 18 0.2765
7 19 0.0021
11 19 0.3596
12 19 0.0007
13 19 0.0001
10 20 0.3596
9 20 0.0015
15 20 0.0342
14 20 0.0040
5 21 0.0001
10 21 0.0001
9 21 0.3502
14 21 0.0655
15 21 0.0207
7 22 0.0002
8 22 0.3214
17 22 0.0007
16 22 0.0029
7 23 0.0120
8 23 0.0006
13 23 0.6107
6 24 0.0052
7 24 0.0010
12 24 0.6120
17 24 0.0030
20 24 0.0001
6 25 0.0012
11 25 0.6122
16 25 0.0031
20 25 0.0001
5 26 0.0017
10 26 0.6101
15 26 0.0031
19 26 0.0001
18 26 0.0003
7 27 0.0001
8 27 0.0043
16 27 0.0001
17 27 0.0002
15 28 0.0002
14 29 0.0002
13 30 0.0002
11 32 0.0002
10 33 0.0002
9 34 0.0002
8 35 0.0002
7 36 0.0002
34 38 0.6701
33 38 0.0023
33 39 0.9669
34 39 0.0062
3 40 0.0002
32 40 0.9979
35 40 0.0004
31 41 0.9976
33 41 0.0012
34 41 0.0002
1 42 0.0002
30 42 0.9984
32 42 0.0014
29 43 0.9962
31 43 0.0014
29 44 0.0007
28 44 0.9849
13 45 0.0020
26 45 0.0045
29 45 0.0015
28 45 0.0027
12 46 0.0020
26 46 0.3364
29 46 0.0002
28 46 0.0016
11 47 0.0020
26 47 0.0100
28 47 0.0004
10 48 0.0018
24 48 0.3587
25 48 0.0081
27 48 0.0005
10 49 0.0001
23 49 0.3579
25 49 0.0004
44 49 0.0001
45 49 0.0022
19 50 0.0008
44 50 0.0002
45 50 0.0010
46 50 0.0005
18 51 0.0008
45 51 0.0004
17 52 0.0008
16 53 0.0008
26 54 0.0001
14 55 0.0005
25 55 0.0001
24 56 0.0001
23 57 0.0001
13 58 0.0008
49 58 0.0005
51 58 0.0001
50 58 0.0002
21 59 0.0001
12 59 0.0008
48 59 0.0002
55 59 0.0004
20 60 0.0001
48 60 0.0005
55 60 0.0145
56 60 0.0231
19 61 0.0001
47 61 0.0007
54 61 0.0005
18 62 0.0001
46 62 0.0007
47 62 0.0001
54 62 0.9956
53 62 0.0003
15 63 0.0001
10 63 0.0008
45 63 0.0007
46 63 0.0001
53 63 0.9980
14 64 0.0001
9 64 0.0008
45 64 0.0001
52 64 0.9978
13 65 0.0001
8 65 0.0006
51 65 0.9946
50 65 0.0032
7 66 0.0003
8 66 0.0387
49 66 0.0061
50 66 0.9501
7 67 0.7737
6 67 0.0005
8 67 0.0042
48 67 0.0055
7 68 0.0026
6 68 0.9575
48 68 0.0025
5 69 0.9781
47 69 0.0022
4 70 0.9955
46 70 0.0006
47 70 0.0002
3 71 0.9987
45 71 0.0003
46 71 0.0002
47 71 0.0008
3 72 0.0001
2 72 0.9988
44 72 0.0001
45 72 0.0002
46 72 0.0008
2 73 0.0001
1 73 0.9972
44 73 0.0002
45 73 0.0008
