15 20 0.3544
14 20 0.0424
14 21 0.6068
15 21 0.2954
17 22 0.0021
16 22 0.0192
13 23 0.9875
12 24 0.9959
11 25 0.9961
10 26 0.9942
8 27 0.0014
34 38 0.6461
33 38 0.0025
33 39 0.9915
34 39 0.0053
32 40 0.9999
31 41 0.9994
30 42 1.0000
29 43 0.9989
29 44 0.0002
28 44 0.9939
28 45 0.0012
26 45 0.0002
28 46 0.0001
26 46 0.0033
27 48 0.0001
24 48 0.0034
23 49 0.0034
45 49 0.0021
45 50 0.0001
55 59 0.0035
55 60 0.5128
56 60 0.4836
54 61 0.0056
54 62 0.9924
53 62 0.0019
53 63 0.9981
52 64 0.9997
51 65 0.9994
50 65 0.0006
8 66 0.0028
50 66 0.9920
49 66 0.0016
48 67 0.0006
7 67 0.8334
6 67 0.0001
8 67 0.0006
7 68 0.0004
6 68 0.9822
5 69 0.9922
4 70 0.9986
3 71 1.0000
2 72 1.0000
1 73 0.9985
