12 17 0.0006
11 18 0.0006
15 20 0.7698
14 20 0.1915
13 21 0.0349
16 21 0.0342
13 22 0.9304
16 22 0.0039
12 23 0.9994
11 24 0.9994
10 25 0.9970
9 25 0.0006
8 26 0.0004
9 27 0.0001
32 36 0.0013
32 37 0.4187
33 37 0.0254
33 38 0.0114
34 38 0.0008
31 39 0.9975
30 40 0.9999
29 41 0.9995
28 42 0.9994
27 43 0.9012
27 44 0.0008
25 45 0.0006
26 47 0.0002
26 48 0.0001
43 48 0.0002
44 48 0.0005
54 58 0.0038
54 59 0.8385
55 59 0.1577
53 61 0.9996
52 62 1.0000
51 63 0.9996
50 64 1.0000
9 65 0.0008
49 65 0.9942
7 66 0.9664
49 66 0.0001
6 67 1.0000
5 68 1.0000
4 69 1.0000
3 70 0.9999
2 71 0.9919
1 71 0.0001
2 72 0.0004
1 72 0.8828
