15 19 0.0003
14 19 0.0261
13 20 0.0317
15 20 0.9533
16 21 0.0052
16 22 0.0045
16 23 0.0028
12 24 0.9882
15 24 0.0002
11 25 0.9975
10 26 0.9962
9 26 0.0003
8 27 0.0004
9 28 0.0001
34 38 0.9407
33 39 0.9386
34 39 0.0012
32 40 0.9997
31 41 1.0000
30 42 0.9997
29 43 0.9996
28 44 0.9040
28 45 0.0011
47 54 0.0296
46 55 0.0296
52 56 0.0835
51 57 0.1526
50 57 0.0011
49 57 0.0051
52 57 0.0122
51 58 0.0197
50 58 0.0027
49 58 0.8265
48 58 0.0038
50 59 0.0160
48 59 0.8254
47 59 0.0029
47 60 0.8166
46 61 0.8045
46 62 0.0028
68 72 0.0002
68 73 0.2585
69 73 0.0119
67 74 0.2720
67 75 0.7275
66 75 0.2725
66 76 0.7274
65 76 0.2726
65 77 0.7272
64 77 0.2726
9 78 0.0014
7 78 0.0011
6 78 0.0001
64 78 0.7090
63 78 0.2318
9 79 0.0016
6 79 0.0067
5 79 0.0001
64 79 0.0002
63 79 0.5260
60 79 0.0001
7 80 0.9683
5 80 0.0080
6 81 0.9863
4 81 0.0048
3 81 0.0048
2 81 0.0001
5 82 0.9878
2 82 0.0078
1 82 0.0001
4 83 0.9559
3 83 0.0030
2 83 0.0003
1 83 0.0061
4 84 0.0001
3 84 0.6887
2 84 0.0054
1 84 0.0004
