11 18 0.0066
11 19 0.0013
10 20 0.0010
9 20 0.0036
15 20 0.2184
14 20 0.0331
13 20 0.0101
8 21 0.0021
16 21 0.5586
11 22 0.0003
16 22 0.0229
16 23 0.0101
10 24 0.0001
12 24 0.8514
13 24 0.0041
11 25 0.9636
10 26 0.9617
9 26 0.0006
8 27 0.0015
9 28 0.0018
33 37 0.0026
34 38 0.0502
34 39 0.0144
35 39 0.0004
32 40 0.9988
31 41 1.0000
30 42 1.0000
29 43 0.9941
28 44 0.9461
26 46 0.0111
25 47 0.0111
48 52 0.0337
47 52 0.0211
46 53 0.0211
45 54 0.0215
47 54 0.9252
48 54 0.0145
44 55 0.0136
46 55 0.9355
45 56 0.8748
47 56 0.0066
44 57 0.0310
46 57 0.0060
45 58 0.0006
63 67 0.0028
63 68 0.7858
64 68 0.1482
62 70 0.9362
61 71 0.9998
60 72 1.0000
59 73 1.0000
9 74 0.0012
58 74 0.9937
7 75 0.9884
56 75 0.0004
6 76 0.9990
5 77 1.0000
4 78 0.9998
3 79 1.0000
2 80 1.0000
1 81 0.9985
