15 20 0.0045
14 20 0.0055
15 21 0.9887
17 22 0.0004
16 22 0.0008
13 23 0.9975
12 24 1.0000
11 25 0.9995
10 26 0.9967
8 27 0.0005
9 28 0.0001
34 38 0.7565
34 39 0.2365
32 40 0.9328
31 41 0.9929
30 42 0.9927
29 43 0.9936
28 44 0.9053
28 45 0.0006
26 46 0.0012
26 47 0.0001
25 47 0.0001
27 48 0.0002
44 48 0.0003
27 49 0.0022
43 49 0.0003
55 59 0.0048
55 60 0.5139
56 60 0.4813
54 61 0.0069
54 62 0.9911
53 62 0.0032
53 63 0.9968
52 63 0.0012
52 64 0.9988
51 65 0.9996
50 66 0.9977
7 67 0.9053
6 68 0.9997
5 69 1.0000
4 70 1.0000
3 71 0.9999
2 72 0.9982
