1 2 0.0019
1 1 0.9982
2 3 0.0020
2 2 0.9954
2 1 0.0029
3 4 0.0020
3 3 0.9956
3 2 0.0027
3 1 0.0010
4 5 0.0010
4 4 0.9970
4 3 0.0025
4 2 0.0012
5 6 0.0011
5 5 0.9978
5 4 0.0015
6 6 0.9988
6 5 0.0015
7 7 0.9996
8 8 0.9995
9 10 0.0010
9 9 0.9991
10 11 0.0030
10 10 0.9983
11 13 0.0017
11 12 0.0090
11 11 0.9950
11 10 0.0021
12 14 0.0022
12 13 0.0205
12 12 0.9876
12 11 0.0042
13 15 0.0011
13 14 0.0290
13 13 0.9767
13 12 0.0053
13 11 0.0013
14 17 0.0009
14 16 0.0024
14 15 0.0384
14 14 0.9674
14 13 0.0028
15 17 0.0048
15 16 0.0734
15 15 0.9580
15 14 0.0027
16 20 0.0010
16 19 0.0009
16 18 0.0061
16 17 0.1467
16 16 0.9225
16 15 0.0035
17 21 0.0015
17 20 0.0015
17 19 0.0067
17 18 0.1793
17 17 0.8476
17 16 0.0036
18 22 0.0020
18 21 0.0023
18 20 0.0117
18 19 0.2165
18 18 0.8119
18 17 0.0030
18 16 0.0011
19 23 0.0018
19 22 0.0023
19 21 0.0132
19 20 0.2748
19 19 0.7728
19 18 0.0058
19 17 0.0014
20 24 0.0014
20 23 0.0019
20 22 0.0150
20 21 0.4000
20 20 0.7080
20 19 0.0083
20 18 0.0022
21 24 0.0039
21 23 0.0186
21 22 0.7083
21 21 0.5808
21 20 0.0126
21 19 0.0024
22 25 0.0019
22 24 0.0173
22 23 0.8317
22 22 0.2687
22 21 0.0165
22 20 0.0020
23 26 0.0010
23 25 0.0096
23 24 0.9218
23 23 0.1502
23 22 0.0149
23 21 0.0036
24 26 0.0045
24 25 0.9520
24 24 0.0648
24 23 0.0070
24 22 0.0016
25 27 0.0031
25 26 0.9636
25 25 0.0408
25 24 0.0048
26 28 0.0029
26 27 0.9675
26 26 0.0335
26 25 0.0037
27 29 0.0025
27 28 0.9674
27 27 0.0318
27 26 0.0021
28 30 0.0022
28 29 0.9705
28 28 0.0308
28 27 0.0010
29 30 0.9792
29 29 0.0284
30 31 0.9871
30 30 0.0202
31 32 0.9898
31 31 0.0127
32 34 0.0014
32 33 0.9901
32 32 0.0103
33 35 0.0020
33 34 0.9892
33 33 0.0101
34 36 0.0034
34 35 0.9884
34 34 0.0105
35 37 0.0041
35 36 0.9870
35 35 0.0114
36 38 0.0065
36 37 0.9857
36 36 0.0110
37 39 0.0088
37 38 0.9837
37 37 0.0115
38 42 0.0010
38 41 0.0024
38 40 0.0330
38 39 0.9832
38 38 0.0106
39 49 0.0011
39 48 0.0017
39 47 0.0018
39 46 0.0021
39 45 0.0022
39 44 0.0029
39 43 0.0036
39 42 0.0058
39 41 0.0756
39 40 0.9578
39 39 0.0104
40 54 0.0010
40 53 0.0020
40 52 0.0034
40 51 0.0047
40 50 0.0061
40 49 0.0106
40 48 0.0108
40 47 0.0117
40 46 0.0124
40 45 0.0144
40 44 0.0162
40 43 0.0207
40 42 0.1285
40 41 0.9101
40 40 0.0133
41 55 0.0015
41 54 0.0026
41 53 0.0054
41 52 0.0066
41 51 0.0116
41 50 0.0280
41 49 0.0248
41 48 0.0269
41 47 0.0288
41 46 0.0311
41 45 0.0367
41 44 0.0402
41 43 0.1475
41 42 0.8425
41 41 0.0239
41 40 0.0025
42 56 0.0022
42 55 0.0043
42 54 0.0074
42 53 0.0104
42 52 0.0178
42 51 0.1105
42 50 0.0969
42 49 0.1058
42 48 0.1131
42 47 0.1186
42 46 0.1262
42 45 0.1319
42 44 0.2056
42 43 0.7972
42 42 0.0314
42 41 0.0065
43 57 0.0012
43 56 0.0062
43 55 0.0099
43 54 0.0139
43 53 0.0231
43 52 0.2122
43 51 0.1266
43 50 0.1491
43 49 0.1641
43 48 0.1728
43 47 0.1878
43 46 0.1994
43 45 0.2561
43 44 0.7095
43 43 0.0352
43 42 0.0092
43 41 0.0020
44 57 0.0029
44 56 0.0110
44 55 0.0172
44 54 0.0238
44 53 0.2849
44 52 0.0973
44 51 0.1211
44 50 0.1254
44 49 0.1214
44 48 0.1299
44 47 0.1423
44 46 0.1777
44 45 0.5328
44 44 0.0377
44 43 0.0131
44 42 0.0027
44 41 0.0010
45 58 0.0014
45 57 0.0055
45 56 0.0236
45 55 0.0366
45 54 0.3554
45 53 0.0936
45 52 0.1153
45 51 0.1238
45 50 0.1182
45 49 0.1317
45 48 0.1562
45 47 0.1870
45 46 0.4298
45 45 0.0268
45 44 0.0163
45 43 0.0043
45 42 0.0015
46 58 0.0019
46 57 0.0100
46 56 0.0482
46 55 0.4478
46 54 0.1142
46 53 0.1203
46 52 0.1315
46 51 0.1100
46 50 0.1164
46 49 0.1371
46 48 0.1503
46 47 0.3089
46 46 0.0291
46 45 0.0125
46 44 0.0081
46 43 0.0028
47 59 0.0012
47 58 0.0039
47 57 0.0339
47 56 0.6991
47 55 0.2432
47 54 0.2428
47 53 0.2323
47 52 0.2108
47 51 0.1953
47 50 0.1999
47 49 0.1817
47 48 0.2395
47 47 0.0212
47 46 0.0125
47 45 0.0065
47 44 0.0046
47 43 0.0011
48 59 0.0040
48 58 0.0300
48 57 0.9013
48 56 0.1958
48 55 0.2009
48 54 0.1919
48 53 0.1951
48 52 0.1740
48 51 0.1790
48 50 0.1465
48 49 0.1289
48 48 0.0090
48 47 0.0044
48 46 0.0033
48 45 0.0028
49 60 0.0026
49 59 0.0289
49 58 0.9270
49 57 0.0413
49 56 0.0454
49 55 0.0365
49 54 0.0424
49 53 0.0304
49 52 0.0344
49 51 0.0198
49 50 0.0209
49 49 0.0039
49 48 0.0018
49 47 0.0015
49 46 0.0022
50 61 0.0014
50 60 0.0252
50 59 0.9489
50 58 0.0274
50 57 0.0292
50 56 0.0212
50 55 0.0224
50 54 0.0148
50 53 0.0155
50 52 0.0100
50 51 0.0096
50 50 0.0034
50 49 0.0026
50 48 0.0020
50 47 0.0018
51 61 0.0220
51 60 0.9599
51 59 0.0155
51 58 0.0163
51 57 0.0082
51 56 0.0078
51 55 0.0052
51 54 0.0053
51 53 0.0035
51 52 0.0032
51 51 0.0013
51 50 0.0009
52 62 0.0142
52 61 0.9759
52 60 0.0119
52 59 0.0105
52 58 0.0031
52 57 0.0021
52 56 0.0013
52 55 0.0013
53 63 0.0070
53 62 0.9893
53 61 0.0077
53 60 0.0062
53 59 0.0014
54 64 0.0043
54 63 0.9941
54 62 0.0039
54 61 0.0024
55 65 0.0020
55 64 0.9976
55 63 0.0019
56 66 0.0012
56 65 0.9988
57 68 0.0011
57 67 0.0013
57 66 0.9989
58 71 0.0042
58 70 0.0041
58 69 0.0065
58 68 0.0063
58 67 0.9983
59 73 0.0012
59 72 0.0161
59 71 0.0137
59 70 0.0212
59 69 0.0213
59 68 0.9920
60 74 0.0017
60 73 0.0720
60 72 0.0621
60 71 0.0813
60 70 0.0806
60 69 0.9701
60 68 0.0033
61 76 0.0012
61 75 0.0024
61 74 0.1279
61 73 0.0658
61 72 0.0917
61 71 0.0887
61 70 0.8852
61 69 0.0096
62 77 0.0015
62 76 0.0022
62 75 0.1554
62 74 0.0372
62 73 0.0635
62 72 0.0526
62 71 0.7951
62 70 0.0171
62 69 0.0024
63 78 0.0014
63 77 0.0024
63 76 0.1711
63 75 0.0252
63 74 0.0554
63 73 0.0444
63 72 0.7541
63 71 0.0201
63 70 0.0066
64 78 0.0022
64 77 0.1874
64 76 0.0257
64 75 0.0590
64 74 0.0464
64 73 0.7275
64 72 0.0191
64 71 0.0117
64 70 0.0012
65 79 0.0017
65 78 0.2249
65 77 0.0435
65 76 0.0872
65 75 0.0703
65 74 0.7057
65 73 0.0172
65 72 0.0134
65 71 0.0014
66 81 0.0014
66 80 0.0016
66 79 0.2606
66 78 0.0415
66 77 0.0963
66 76 0.0750
66 75 0.6611
66 74 0.0173
66 73 0.0136
66 72 0.0014
67 83 0.0011
67 82 0.0020
67 81 0.0020
67 80 0.2704
67 79 0.0168
67 78 0.0822
67 77 0.0571
67 76 0.6097
67 75 0.0174
67 74 0.0159
67 73 0.0014
68 85 0.0014
68 84 0.0030
68 83 0.0049
68 82 0.0055
68 81 0.2811
68 80 0.0203
68 79 0.0946
68 78 0.0718
68 77 0.5822
68 76 0.0162
68 75 0.0184
68 74 0.0017
69 85 0.0040
69 84 0.0069
69 83 0.0092
69 82 0.3008
69 81 0.0354
69 80 0.1011
69 79 0.0813
69 78 0.5398
69 77 0.0224
69 76 0.0197
69 75 0.0027
69 74 0.0012
70 85 0.0089
70 84 0.0134
70 83 0.3675
70 82 0.0838
70 81 0.1304
70 80 0.1113
70 79 0.5069
70 78 0.0211
70 77 0.0259
70 76 0.0027
70 75 0.0021
71 85 0.0166
71 84 0.4881
71 83 0.1356
71 82 0.1693
71 81 0.1408
71 80 0.4690
71 79 0.0249
71 78 0.0278
71 77 0.0041
71 76 0.0023
72 85 1.0000
72 84 0.5028
72 83 0.4898
72 82 0.4455
72 81 0.4199
72 80 0.0404
72 79 0.0272
72 78 0.0052
72 77 0.0025
