1 2 0.0009
1 1 0.9997
2 3 0.0019
2 2 0.9990
3 4 0.0017
3 3 0.9982
3 2 0.0015
4 4 0.9993
4 3 0.0016
5 6 0.0009
5 5 0.9993
6 6 0.9997
6 5 0.0009
7 7 0.9999
8 8 0.9999
9 9 0.9998
10 10 0.9996
11 13 0.0011
11 12 0.0021
11 11 0.9980
11 10 0.0019
12 15 0.0006
12 14 0.0006
12 13 0.0029
12 12 0.9948
12 11 0.0044
13 14 0.0011
13 13 0.9952
13 12 0.0051
13 11 0.0016
14 17 0.0007
14 15 0.0027
14 14 0.9953
14 13 0.0033
14 12 0.0009
15 18 0.0011
15 17 0.0008
15 16 0.0057
15 15 0.9943
15 14 0.0039
15 13 0.0005
16 20 0.0011
16 19 0.0024
16 18 0.0018
16 17 0.0162
16 16 0.9907
16 15 0.0035
16 14 0.0005
17 21 0.0026
17 20 0.0073
17 19 0.0075
17 18 0.0309
17 17 0.9772
17 16 0.0059
18 22 0.0039
18 21 0.0191
18 20 0.0274
18 19 0.1034
18 18 0.9575
18 17 0.0100
18 16 0.0009
19 23 0.0032
19 22 0.0080
19 21 0.0341
19 20 0.2350
19 19 0.8678
19 18 0.0300
19 17 0.0030
20 24 0.0028
20 23 0.0031
20 22 0.0178
20 21 0.6698
20 20 0.7351
20 19 0.0351
20 18 0.0118
20 17 0.0015
21 24 0.0043
21 23 0.0123
21 22 0.7815
21 21 0.3131
21 20 0.0092
21 19 0.0040
21 18 0.0015
22 25 0.0014
22 24 0.0163
22 23 0.8950
22 22 0.2038
22 21 0.0048
22 20 0.0023
22 19 0.0008
23 25 0.0062
23 24 0.9769
23 23 0.0950
23 22 0.0084
23 21 0.0024
23 20 0.0008
24 26 0.0016
24 25 0.9948
24 24 0.0174
24 23 0.0019
24 22 0.0009
25 26 0.9995
25 25 0.0040
26 27 0.9999
27 28 0.9999
28 29 0.9999
29 30 0.9999
30 31 0.9997
31 33 0.0012
31 32 0.9993
31 31 0.0007
32 34 0.0011
32 33 0.9941
32 32 0.0057
33 36 0.0006
33 35 0.0016
33 34 0.9910
33 33 0.0083
34 36 0.0018
34 35 0.9874
34 34 0.0121
34 33 0.0007
35 37 0.0013
35 36 0.9873
35 35 0.0132
35 34 0.0011
36 38 0.0010
36 37 0.9911
36 36 0.0117
36 35 0.0014
37 38 0.9946
37 37 0.0083
37 36 0.0013
38 39 0.9983
38 38 0.0051
38 37 0.0007
39 40 0.9994
39 39 0.0018
40 41 0.9997
40 40 0.0006
41 55 0.0008
41 54 0.0011
41 53 0.0012
41 52 0.0012
41 51 0.0012
41 50 0.0012
41 49 0.0012
41 48 0.0012
41 47 0.0012
41 46 0.0012
41 45 0.0012
41 44 0.0012
41 43 0.0014
41 42 0.9995
42 58 0.0005
42 57 0.0010
42 56 0.0035
42 55 0.0058
42 54 0.0065
42 53 0.0069
42 52 0.0075
42 51 0.0075
42 50 0.0076
42 49 0.0076
42 48 0.0076
42 47 0.0076
42 46 0.0076
42 45 0.0077
42 44 0.0084
42 43 0.9981
43 59 0.0013
43 58 0.0029
43 57 0.0180
43 56 0.0211
43 55 0.0297
43 54 0.0297
43 53 0.0366
43 52 0.0370
43 51 0.0390
43 50 0.0395
43 49 0.0404
43 48 0.0414
43 47 0.0419
43 46 0.0425
43 45 0.0436
43 44 0.9890
43 43 0.0017
44 61 0.0013
44 60 0.0028
44 59 0.0086
44 58 0.1009
44 57 0.1036
44 56 0.1173
44 55 0.1105
44 54 0.1214
44 53 0.1188
44 52 0.1307
44 51 0.1318
44 50 0.1361
44 49 0.1434
44 48 0.1457
44 47 0.1480
44 46 0.1502
44 45 0.9440
44 44 0.0049
45 63 0.0010
45 62 0.0036
45 61 0.0074
45 60 0.0150
45 59 0.3771
45 58 0.3038
45 57 0.2982
45 56 0.2846
45 55 0.3060
45 54 0.3004
45 53 0.3446
45 52 0.3377
45 51 0.3476
45 50 0.3718
45 49 0.3740
45 48 0.3796
45 47 0.3839
45 46 0.7905
45 45 0.0140
45 44 0.0020
46 64 0.0011
46 63 0.0034
46 62 0.0069
46 61 0.0201
46 60 0.4539
46 59 0.1036
46 58 0.0904
46 57 0.0825
46 56 0.0942
46 55 0.0763
46 54 0.1143
46 53 0.0722
46 52 0.0817
46 51 0.1162
46 50 0.0984
46 49 0.1028
46 48 0.1026
46 47 0.3970
46 46 0.0291
46 45 0.0050
47 65 0.0006
47 64 0.0029
47 63 0.0077
47 62 0.0256
47 61 0.5981
47 60 0.1656
47 59 0.1609
47 58 0.1537
47 57 0.1580
47 56 0.1508
47 55 0.1781
47 54 0.1422
47 53 0.1449
47 52 0.1803
47 51 0.1480
47 50 0.1473
47 49 0.1469
47 48 0.3042
47 47 0.0227
47 46 0.0117
47 45 0.0019
48 65 0.0018
48 64 0.0080
48 63 0.0302
48 62 0.7315
48 61 0.1507
48 60 0.1537
48 59 0.1448
48 58 0.1442
48 57 0.1459
48 56 0.1653
48 55 0.1342
48 54 0.1305
48 53 0.1556
48 52 0.1100
48 51 0.1017
48 50 0.0984
48 49 0.1710
48 48 0.0225
48 47 0.0095
48 46 0.0035
48 45 0.0010
49 65 0.0054
49 64 0.0258
49 63 0.7909
49 62 0.0797
49 61 0.1001
49 60 0.0853
49 59 0.0819
49 58 0.0819
49 57 0.0844
49 56 0.0572
49 55 0.0541
49 54 0.0777
49 53 0.0448
49 52 0.0427
49 51 0.0403
49 50 0.0945
49 49 0.0145
49 48 0.0101
49 47 0.0028
49 46 0.0019
50 66 0.0013
50 65 0.0166
50 64 0.8761
50 63 0.0888
50 62 0.1173
50 61 0.0864
50 60 0.0821
50 59 0.0838
50 58 0.0872
50 57 0.0756
50 56 0.0737
50 55 0.0901
50 54 0.0630
50 53 0.0637
50 52 0.0608
50 51 0.0713
50 50 0.0110
50 49 0.0084
50 48 0.0027
50 47 0.0013
51 66 0.0063
51 65 0.9433
51 64 0.0703
51 63 0.0874
51 62 0.0479
51 61 0.0464
51 60 0.0460
51 59 0.0431
51 58 0.0353
51 57 0.0345
51 56 0.0391
51 55 0.0210
51 54 0.0204
51 53 0.0177
51 52 0.0177
51 51 0.0044
51 50 0.0025
51 49 0.0013
51 48 0.0006
52 67 0.0035
52 66 0.9689
52 65 0.0309
52 64 0.0378
52 63 0.0087
52 62 0.0077
52 61 0.0076
52 60 0.0073
52 59 0.0065
52 58 0.0062
52 57 0.0075
52 56 0.0018
52 55 0.0016
52 54 0.0014
52 53 0.0014
53 68 0.0020
53 67 0.9887
53 66 0.0217
53 65 0.0201
53 64 0.0023
53 63 0.0016
53 62 0.0016
53 61 0.0016
53 60 0.0016
53 59 0.0016
53 58 0.0018
54 69 0.0013
54 68 0.9947
54 67 0.0085
54 66 0.0063
54 65 0.0007
55 70 0.0008
55 69 0.9977
55 68 0.0037
55 67 0.0020
56 71 0.0008
56 70 0.9986
56 69 0.0013
56 68 0.0009
57 72 0.0017
57 71 0.9983
57 70 0.0006
57 69 0.0006
58 74 0.0006
58 73 0.0037
58 72 0.9968
58 71 0.0009
58 70 0.0008
59 75 0.0008
59 74 0.0047
59 73 0.9909
59 72 0.0058
59 71 0.0014
60 76 0.0017
60 75 0.0122
60 74 0.9808
60 73 0.0105
60 72 0.0054
61 78 0.0005
61 77 0.0028
61 76 0.0204
61 75 0.9522
61 74 0.0237
61 73 0.0122
61 72 0.0011
62 80 0.0005
62 79 0.0018
62 78 0.0065
62 77 0.0291
62 76 0.8909
62 75 0.0596
62 74 0.0294
62 73 0.0024
63 81 0.0007
63 80 0.0015
63 79 0.0081
63 78 0.0301
63 77 0.6943
63 76 0.1943
63 75 0.0806
63 74 0.0047
63 73 0.0005
64 81 0.0019
64 80 0.0058
64 79 0.0299
64 78 0.6226
64 77 0.0798
64 76 0.2621
64 75 0.0103
64 74 0.0017
65 82 0.0018
65 81 0.0062
65 80 0.0225
65 79 0.5760
65 78 0.0618
65 77 0.3247
65 76 0.0152
65 75 0.0025
66 83 0.0011
66 82 0.0076
66 81 0.0231
66 80 0.5083
66 79 0.0827
66 78 0.3742
66 77 0.0167
66 76 0.0047
66 75 0.0005
67 84 0.0007
67 83 0.0032
67 82 0.0190
67 81 0.4378
67 80 0.0839
67 79 0.4525
67 78 0.0155
67 77 0.0058
67 76 0.0018
68 84 0.0029
68 83 0.0115
68 82 0.3729
68 81 0.0862
68 80 0.5261
68 79 0.0085
68 78 0.0040
68 77 0.0016
69 84 0.0070
69 83 0.1215
69 82 0.2638
69 81 0.6012
69 80 0.0134
69 79 0.0042
69 78 0.0016
69 77 0.0006
70 84 0.0483
70 83 0.0856
70 82 0.8601
70 81 0.0112
70 80 0.0066
70 79 0.0012
70 78 0.0006
71 84 0.0554
71 83 0.9389
71 82 0.0094
71 81 0.0047
71 80 0.0009
72 84 1.0000
72 83 0.0091
72 82 0.0049
72 81 0.0008
