1 2 0.0014
1 1 0.9985
2 3 0.0018
2 2 0.9985
3 4 0.0031
3 3 0.9972
3 2 0.0013
4 5 0.0040
4 4 0.9957
4 3 0.0022
5 6 0.0055
5 5 0.9946
5 4 0.0020
6 7 0.0065
6 6 0.9931
6 5 0.0026
7 8 0.0118
7 7 0.9928
7 6 0.0025
8 10 0.0012
8 9 0.0242
8 8 0.9876
8 7 0.0016
9 11 0.0023
9 10 0.0369
9 9 0.9753
9 8 0.0017
10 12 0.0041
10 11 0.0635
10 10 0.9613
10 9 0.0017
11 14 0.0012
11 13 0.0036
11 12 0.0867
11 11 0.9322
11 10 0.0043
12 15 0.0014
12 14 0.0036
12 13 0.0960
12 12 0.9073
12 11 0.0038
12 10 0.0018
13 16 0.0018
13 15 0.0037
13 14 0.1174
13 13 0.8987
13 12 0.0043
13 11 0.0017
13 10 0.0012
14 17 0.0018
14 16 0.0075
14 15 0.1952
14 14 0.8751
14 13 0.0050
14 12 0.0017
14 11 0.0012
15 18 0.0012
15 17 0.0060
15 16 0.3868
15 15 0.7994
15 14 0.0091
15 13 0.0022
15 12 0.0013
16 19 0.0011
16 18 0.0052
16 17 0.5765
16 16 0.6088
16 15 0.0058
16 14 0.0020
17 20 0.0012
17 19 0.0035
17 18 0.6258
17 17 0.4198
17 16 0.0046
17 15 0.0013
18 21 0.0020
18 20 0.0052
18 19 0.6765
18 18 0.3697
18 17 0.0025
18 16 0.0011
19 22 0.0013
19 21 0.0042
19 20 0.7574
19 19 0.3198
19 18 0.0044
20 23 0.0010
20 22 0.0024
20 21 0.8348
20 20 0.2390
20 19 0.0045
20 18 0.0014
21 23 0.0019
21 22 0.8458
21 21 0.1623
21 20 0.0030
22 25 0.0009
22 24 0.0023
22 23 0.8603
22 22 0.1519
22 21 0.0023
23 25 0.0035
23 24 0.9089
23 23 0.1362
23 22 0.0033
24 26 0.0016
24 25 0.9671
24 24 0.0882
24 23 0.0049
25 26 0.9934
25 25 0.0317
25 24 0.0026
26 27 0.9972
26 26 0.0062
27 28 0.9978
27 27 0.0030
28 29 0.9978
28 28 0.0024
29 30 0.9977
29 29 0.0027
30 31 0.9978
30 30 0.0022
31 32 0.9977
31 31 0.0025
32 34 0.0016
32 33 0.9969
32 32 0.0027
33 36 0.0012
33 35 0.0023
33 34 0.9950
33 33 0.0040
34 37 0.0011
34 36 0.0025
34 35 0.9930
34 34 0.0053
35 37 0.0026
35 36 0.9932
35 35 0.0058
36 38 0.0015
36 37 0.9960
36 36 0.0049
36 35 0.0009
37 38 0.9981
37 37 0.0028
38 39 0.9992
38 38 0.0015
39 40 0.9994
40 41 0.9994
41 42 0.9995
42 43 0.9997
43 44 0.9997
44 45 0.9997
45 46 0.9995
46 47 0.9993
47 48 0.9991
48 49 0.9994
48 48 0.0010
49 50 0.9988
49 49 0.0010
50 51 0.9975
50 50 0.0024
51 52 0.9979
51 51 0.0024
52 53 0.9985
52 52 0.0018
53 54 0.9991
53 53 0.0013
54 55 0.9990
54 54 0.0009
55 56 0.9993
56 58 0.0010
56 57 0.9991
57 59 0.0013
57 58 0.9988
58 62 0.0013
58 61 0.0015
58 60 0.0034
58 59 0.9985
59 63 0.0028
59 62 0.0025
59 61 0.0072
59 60 0.9962
60 64 0.0096
60 63 0.0090
60 62 0.0272
60 61 0.9905
60 60 0.0016
61 66 0.0012
61 65 0.0253
61 64 0.0188
61 63 0.0486
61 62 0.9666
61 61 0.0033
62 67 0.0022
62 66 0.0417
62 65 0.0216
62 64 0.0633
62 63 0.9343
62 62 0.0055
63 68 0.0030
63 67 0.0512
63 66 0.0169
63 65 0.0628
63 64 0.8979
63 63 0.0099
63 62 0.0016
64 69 0.0033
64 68 0.0591
64 67 0.0173
64 66 0.0652
64 65 0.8765
64 64 0.0128
64 63 0.0030
64 62 0.0014
65 70 0.0039
65 69 0.0671
65 68 0.0179
65 67 0.0774
65 66 0.8585
65 65 0.0148
65 64 0.0025
65 63 0.0024
66 73 0.0010
66 71 0.0053
66 70 0.0716
66 69 0.0146
66 68 0.0780
66 67 0.8330
66 66 0.0178
66 65 0.0023
66 64 0.0025
67 75 0.0011
67 74 0.0020
67 73 0.0020
67 72 0.0077
67 71 0.0725
67 70 0.0118
67 69 0.0805
67 68 0.8196
67 67 0.0211
67 66 0.0032
67 65 0.0027
68 77 0.0015
68 76 0.0032
68 75 0.0051
68 74 0.0059
68 73 0.0252
68 72 0.0803
68 71 0.0216
68 70 0.0937
68 69 0.8104
68 68 0.0216
68 67 0.0037
68 66 0.0033
69 77 0.0043
69 76 0.0076
69 75 0.0103
69 74 0.0549
69 73 0.0880
69 72 0.0407
69 71 0.0994
69 70 0.7913
69 69 0.0264
69 68 0.0042
69 67 0.0038
70 77 0.0140
70 76 0.0236
70 75 0.2120
70 74 0.2115
70 73 0.1747
70 72 0.2071
70 71 0.7733
70 70 0.0291
70 69 0.0066
70 68 0.0042
71 77 0.0335
71 76 0.5486
71 75 0.3925
71 74 0.3686
71 73 0.3776
71 72 0.6299
71 71 0.0499
71 70 0.0078
71 69 0.0056
71 68 0.0012
72 77 1.0000
72 76 0.4372
72 75 0.3887
72 74 0.3647
72 73 0.3409
72 72 0.0611
72 71 0.0164
72 70 0.0065
72 69 0.0018
