1 2 0.0006
1 1 0.9996
2 3 0.0016
2 2 0.9991
3 4 0.0017
3 3 0.9978
3 2 0.0017
4 5 0.0006
4 4 0.9984
4 3 0.0016
4 2 0.0009
5 6 0.0015
5 5 0.9985
5 4 0.0006
5 3 0.0007
6 7 0.0022
6 6 0.9975
6 5 0.0013
6 4 0.0007
7 8 0.0023
7 7 0.9977
7 6 0.0021
7 5 0.0010
8 9 0.0046
8 8 0.9975
8 7 0.0013
8 6 0.0005
9 10 0.0057
9 9 0.9955
9 8 0.0011
10 11 0.0134
10 10 0.9938
10 9 0.0008
11 13 0.0006
11 12 0.0362
11 11 0.9849
11 10 0.0022
12 14 0.0009
12 13 0.0442
12 12 0.9612
12 11 0.0039
13 16 0.0005
13 15 0.0011
13 14 0.0562
13 13 0.9536
13 12 0.0045
14 17 0.0007
14 16 0.0042
14 15 0.1034
14 14 0.9402
14 13 0.0044
15 17 0.0030
15 16 0.2125
15 15 0.8950
15 14 0.0076
15 13 0.0006
16 18 0.0023
16 17 0.3208
16 16 0.7862
16 15 0.0038
16 14 0.0010
17 19 0.0013
17 18 0.3391
17 17 0.6788
17 16 0.0026
18 20 0.0025
18 19 0.3586
18 18 0.6598
18 17 0.0009
19 21 0.0016
19 20 0.3940
19 19 0.6416
19 18 0.0022
20 22 0.0023
20 21 0.4248
20 20 0.6055
20 19 0.0013
21 23 0.0040
21 22 0.4265
21 21 0.5760
21 20 0.0016
22 24 0.0047
22 23 0.4310
22 22 0.5736
22 21 0.0008
23 26 0.0007
23 25 0.0052
23 24 0.4558
23 23 0.5653
23 22 0.0012
24 27 0.0019
24 26 0.0068
24 25 0.4641
24 24 0.5397
24 23 0.0023
25 29 0.0009
25 28 0.0023
25 27 0.0144
25 26 0.4640
25 25 0.5325
25 24 0.0038
26 30 0.0013
26 29 0.0016
26 28 0.0244
26 27 0.4310
26 26 0.5589
26 25 0.0055
26 24 0.0015
27 31 0.0013
27 30 0.0015
27 29 0.0286
27 28 0.3368
27 27 0.6395
27 26 0.0069
27 25 0.0024
27 24 0.0008
28 33 0.0006
28 32 0.0014
28 31 0.0016
28 30 0.0357
28 29 0.3057
28 28 0.6666
28 27 0.0029
28 26 0.0010
29 34 0.0008
29 33 0.0013
29 32 0.0013
29 31 0.0383
29 30 0.2884
29 29 0.6769
29 28 0.0022
30 35 0.0010
30 34 0.0013
30 33 0.0023
30 32 0.0393
30 31 0.2954
30 30 0.6758
30 29 0.0024
31 36 0.0011
31 35 0.0012
31 34 0.0022
31 33 0.0367
31 32 0.3027
31 31 0.6651
31 30 0.0047
31 29 0.0005
32 37 0.0008
32 36 0.0015
32 35 0.0025
32 34 0.0337
32 33 0.3028
32 32 0.6642
32 31 0.0054
32 30 0.0018
33 37 0.0017
33 36 0.0033
33 35 0.0338
33 34 0.3030
33 33 0.6618
33 32 0.0069
33 31 0.0021
34 39 0.0006
34 38 0.0012
34 37 0.0043
34 36 0.0356
34 35 0.3051
34 34 0.6612
34 33 0.0101
34 32 0.0027
34 31 0.0006
35 40 0.0007
35 39 0.0007
35 38 0.0024
35 37 0.0373
35 36 0.3106
35 35 0.6435
35 34 0.0204
35 33 0.0054
35 32 0.0006
36 41 0.0006
36 40 0.0009
36 39 0.0018
36 38 0.0355
36 37 0.3306
36 36 0.6345
36 35 0.0146
36 34 0.0136
36 33 0.0008
37 41 0.0010
37 40 0.0018
37 39 0.0343
37 38 0.3368
37 37 0.6207
37 36 0.0115
37 35 0.0153
37 34 0.0007
38 42 0.0006
38 41 0.0028
38 40 0.0491
38 39 0.3593
38 38 0.6138
38 37 0.0086
38 36 0.0146
39 42 0.0020
39 41 0.0672
39 40 0.3628
39 39 0.5935
39 38 0.0100
39 37 0.0129
39 36 0.0007
40 43 0.0022
40 42 0.0810
40 41 0.3868
40 40 0.5733
40 39 0.0074
40 38 0.0114
40 37 0.0008
41 44 0.0025
41 43 0.0821
41 42 0.4391
41 41 0.5321
41 40 0.0156
41 39 0.0109
41 38 0.0009
42 45 0.0027
42 44 0.0748
42 43 0.4847
42 42 0.4738
42 41 0.0148
42 40 0.0071
42 39 0.0007
43 46 0.0019
43 45 0.0553
43 44 0.6510
43 43 0.4355
43 42 0.0119
43 41 0.0045
43 40 0.0007
44 47 0.0013
44 46 0.0363
44 45 0.7320
44 44 0.2972
44 43 0.0131
44 42 0.0018
45 49 0.0005
45 48 0.0018
45 47 0.0338
45 46 0.8014
45 45 0.2299
45 44 0.0059
45 43 0.0012
46 50 0.0006
46 49 0.0019
46 48 0.0170
46 47 0.8818
46 46 0.1666
46 45 0.0063
46 44 0.0008
47 50 0.0017
47 49 0.0117
47 48 0.9059
47 47 0.1020
47 46 0.0040
47 45 0.0013
48 50 0.0074
48 49 0.9546
48 48 0.0831
48 47 0.0030
48 46 0.0014
49 51 0.0018
49 50 0.9773
49 49 0.0409
49 48 0.0040
49 47 0.0014
50 51 0.9955
50 50 0.0214
50 49 0.0009
51 52 0.9980
51 51 0.0044
52 53 0.9987
52 52 0.0020
53 54 0.9994
53 53 0.0014
54 55 0.9996
54 54 0.0007
55 56 0.9999
56 57 0.9999
57 58 1.0000
58 60 0.0005
58 59 0.9999
59 61 0.0009
59 60 0.9996
60 62 0.0034
60 61 0.9991
61 63 0.0063
61 62 0.9959
61 61 0.0007
62 67 0.0006
62 66 0.0011
62 65 0.0020
62 64 0.0156
62 63 0.9913
62 62 0.0022
63 69 0.0009
63 68 0.0016
63 67 0.0032
63 66 0.0051
63 65 0.0454
63 64 0.9784
63 63 0.0045
63 62 0.0019
64 71 0.0012
64 70 0.0040
64 69 0.0087
64 68 0.0144
64 67 0.0211
64 66 0.0868
64 65 0.9385
64 64 0.0100
64 63 0.0039
64 62 0.0016
65 72 0.0016
65 71 0.0040
65 70 0.0099
65 69 0.0148
65 68 0.0237
65 67 0.1188
65 66 0.8626
65 65 0.0361
65 64 0.0104
65 63 0.0030
66 73 0.0015
66 72 0.0037
66 71 0.0097
66 70 0.0127
66 69 0.0227
66 68 0.1482
66 67 0.8031
66 66 0.0234
66 65 0.0345
66 64 0.0064
66 63 0.0006
67 74 0.0013
67 73 0.0028
67 72 0.0108
67 71 0.0160
67 70 0.0284
67 69 0.2168
67 68 0.7576
67 67 0.0247
67 66 0.0374
67 65 0.0113
67 64 0.0014
68 74 0.0030
68 73 0.0105
68 72 0.0171
68 71 0.0290
68 70 0.2766
68 69 0.6793
68 68 0.0256
68 67 0.0380
68 66 0.0118
68 65 0.0040
68 64 0.0008
69 74 0.0083
69 73 0.0152
69 72 0.0276
69 71 0.3404
69 70 0.6070
69 69 0.0322
69 68 0.0421
69 67 0.0129
69 66 0.0041
69 65 0.0016
70 74 0.0147
70 73 0.0226
70 72 0.4105
70 71 0.5487
70 70 0.0311
70 69 0.0468
70 68 0.0146
70 67 0.0041
70 66 0.0018
71 74 0.0244
71 73 0.4860
71 72 0.4964
71 71 0.0347
71 70 0.0470
71 69 0.0128
71 68 0.0032
71 67 0.0012
72 74 1.0000
72 73 0.4980
72 72 0.0716
72 71 0.0482
72 70 0.0115
72 69 0.0034
72 68 0.0012
