1 2 0.0016
1 1 0.9984
2 3 0.0023
2 2 0.9975
2 1 0.0014
3 4 0.0020
3 3 0.9965
3 2 0.0024
4 5 0.0017
4 4 0.9965
4 3 0.0025
5 6 0.0019
5 5 0.9963
5 4 0.0025
6 7 0.0017
6 6 0.9959
6 5 0.0029
7 8 0.0011
7 7 0.9975
7 6 0.0028
8 9 0.0013
8 8 0.9973
8 7 0.0022
9 10 0.0014
9 9 0.9963
9 8 0.0029
10 13 0.0011
10 11 0.0034
10 10 0.9944
10 9 0.0037
11 14 0.0010
11 12 0.0032
11 11 0.9906
11 10 0.0053
11 9 0.0012
12 15 0.0011
12 13 0.0035
12 12 0.9895
12 11 0.0056
12 10 0.0021
13 13 0.9905
13 12 0.0081
13 11 0.0023
14 15 0.0010
14 14 0.9908
14 13 0.0072
14 12 0.0017
15 18 0.0010
15 17 0.0010
15 16 0.0016
15 15 0.9880
15 14 0.0101
15 13 0.0012
16 19 0.0013
16 18 0.0015
16 17 0.0023
16 16 0.9636
16 15 0.0342
16 14 0.0012
17 20 0.0018
17 19 0.0019
17 18 0.0017
17 17 0.9392
17 16 0.0583
17 15 0.0012
18 21 0.0024
18 20 0.0037
18 19 0.0042
18 18 0.9323
18 17 0.0638
18 16 0.0015
19 22 0.0017
19 21 0.0045
19 20 0.0042
19 19 0.9243
19 18 0.0708
19 17 0.0014
20 23 0.0013
20 22 0.0021
20 21 0.0062
20 20 0.9252
20 19 0.0719
20 18 0.0024
21 24 0.0010
21 23 0.0021
21 22 0.0049
21 21 0.9573
21 20 0.0679
21 19 0.0027
22 24 0.0028
22 23 0.0069
22 22 0.9676
22 21 0.0369
22 20 0.0015
23 25 0.0026
23 24 0.0047
23 23 0.9787
23 22 0.0269
23 21 0.0019
24 26 0.0012
24 25 0.0041
24 24 0.9833
24 23 0.0157
24 22 0.0015
25 26 0.0020
25 25 0.9943
25 24 0.0124
26 26 0.9990
26 25 0.0038
27 27 0.9996
28 28 0.9996
29 30 0.0010
29 29 0.9993
30 30 0.9988
31 31 0.9988
32 33 0.0014
32 32 0.9985
33 33 0.9986
33 32 0.0016
34 34 0.9992
35 36 0.0012
35 35 0.9991
36 37 0.0014
36 36 0.9983
36 35 0.0010
37 37 0.9985
37 36 0.0016
38 38 0.9987
38 37 0.0010
39 39 0.9989
39 38 0.0010
40 41 0.0011
40 40 0.9984
40 39 0.0013
41 54 0.0015
41 53 0.0016
41 52 0.0022
41 51 0.0024
41 50 0.0023
41 49 0.0023
41 48 0.0023
41 47 0.0023
41 46 0.0023
41 45 0.0023
41 44 0.0023
41 43 0.0024
41 42 0.0037
41 41 0.9971
41 40 0.0018
42 57 0.0011
42 56 0.0015
42 55 0.0034
42 54 0.0032
42 53 0.0041
42 52 0.0040
42 51 0.0038
42 50 0.0038
42 49 0.0037
42 48 0.0037
42 47 0.0037
42 46 0.0037
42 45 0.0039
42 44 0.0040
42 43 0.0053
42 42 0.9930
42 41 0.0035
43 58 0.0018
43 57 0.0023
43 56 0.0084
43 55 0.0100
43 54 0.0127
43 53 0.0140
43 52 0.0144
43 51 0.0147
43 50 0.0149
43 49 0.0151
43 48 0.0153
43 47 0.0154
43 46 0.0156
43 45 0.0158
43 44 0.0176
43 43 0.9883
43 42 0.0036
44 59 0.0030
44 58 0.0050
44 57 0.0278
44 56 0.0288
44 55 0.0462
44 54 0.0472
44 53 0.0523
44 52 0.0536
44 51 0.0552
44 50 0.0563
44 49 0.0579
44 48 0.0590
44 47 0.0597
44 46 0.0606
44 45 0.0624
44 44 0.9709
44 43 0.0052
45 61 0.0018
45 60 0.0057
45 59 0.0112
45 58 0.1089
45 57 0.1034
45 56 0.1327
45 55 0.1270
45 54 0.1336
45 53 0.1356
45 52 0.1412
45 51 0.1451
45 50 0.1513
45 49 0.1569
45 48 0.1598
45 47 0.1638
45 46 0.1659
45 45 0.9078
45 44 0.0090
46 62 0.0021
46 61 0.0087
46 60 0.0208
46 59 0.2898
46 58 0.2115
46 57 0.2320
46 56 0.2221
46 55 0.2236
46 54 0.2272
46 53 0.2370
46 52 0.2419
46 51 0.2525
46 50 0.2631
46 49 0.2660
46 48 0.2775
46 47 0.2786
46 46 0.7365
46 45 0.0197
46 44 0.0017
47 63 0.0014
47 62 0.0047
47 61 0.0220
47 60 0.4426
47 59 0.1860
47 58 0.1822
47 57 0.1576
47 56 0.1427
47 55 0.1390
47 54 0.1419
47 53 0.1364
47 52 0.1426
47 51 0.1470
47 50 0.1383
47 49 0.1505
47 48 0.1401
47 47 0.4591
47 46 0.0288
47 45 0.0049
48 63 0.0035
48 62 0.0162
48 61 0.6958
48 60 0.2839
48 59 0.2631
48 58 0.2470
48 57 0.2374
48 56 0.2340
48 55 0.2298
48 54 0.2259
48 53 0.2201
48 52 0.2116
48 51 0.1963
48 50 0.2031
48 49 0.1849
48 48 0.3357
48 47 0.0211
48 46 0.0076
48 45 0.0021
49 64 0.0029
49 63 0.0192
49 62 0.8508
49 61 0.1882
49 60 0.1584
49 59 0.1551
49 58 0.1540
49 57 0.1579
49 56 0.1556
49 55 0.1524
49 54 0.1432
49 53 0.1396
49 52 0.1319
49 51 0.1324
49 50 0.1188
49 49 0.1599
49 48 0.0096
49 47 0.0033
49 46 0.0019
50 65 0.0014
50 64 0.0155
50 63 0.9050
50 62 0.1035
50 61 0.0699
50 60 0.0678
50 59 0.0676
50 58 0.0689
50 57 0.0615
50 56 0.0560
50 55 0.0529
50 54 0.0493
50 53 0.0465
50 52 0.0450
50 51 0.0400
50 50 0.0487
50 49 0.0074
50 48 0.0026
50 47 0.0014
51 65 0.0106
51 64 0.9439
51 63 0.0739
51 62 0.0312
51 61 0.0300
51 60 0.0295
51 59 0.0276
51 58 0.0225
51 57 0.0207
51 56 0.0196
51 55 0.0167
51 54 0.0159
51 53 0.0142
51 52 0.0131
51 51 0.0137
51 50 0.0027
51 49 0.0017
52 66 0.0084
52 65 0.9585
52 64 0.0440
52 63 0.0068
52 62 0.0054
52 61 0.0052
52 60 0.0050
52 59 0.0042
52 58 0.0039
52 57 0.0035
52 56 0.0024
52 55 0.0023
52 54 0.0021
52 53 0.0019
52 52 0.0020
53 67 0.0067
53 66 0.9691
53 65 0.0324
53 64 0.0020
54 68 0.0054
54 67 0.9795
54 66 0.0242
54 65 0.0010
55 69 0.0051
55 68 0.9824
55 67 0.0162
56 70 0.0051
56 69 0.9861
56 68 0.0135
57 71 0.0065
57 70 0.9869
57 69 0.0101
58 72 0.0066
58 71 0.9860
58 70 0.0091
59 73 0.0070
59 72 0.9855
59 71 0.0085
60 74 0.0091
60 73 0.9838
60 72 0.0100
61 75 0.0175
61 74 0.9739
61 73 0.0175
62 77 0.0012
62 76 0.0263
62 75 0.9498
62 74 0.0291
62 73 0.0043
63 79 0.0026
63 78 0.0028
63 77 0.0358
63 76 0.9244
63 75 0.0391
63 74 0.0085
63 73 0.0020
64 80 0.0046
64 79 0.0039
64 78 0.0563
64 77 0.8931
64 76 0.0531
64 75 0.0138
64 74 0.0028
64 73 0.0016
65 81 0.0067
65 80 0.0055
65 79 0.0802
65 78 0.8357
65 77 0.0759
65 76 0.0231
65 75 0.0051
65 74 0.0020
65 73 0.0013
66 83 0.0011
66 82 0.0069
66 81 0.0055
66 80 0.0860
66 79 0.7507
66 78 0.1208
66 77 0.0344
66 76 0.0072
66 75 0.0026
66 74 0.0016
66 73 0.0015
67 84 0.0012
67 83 0.0069
67 82 0.0060
67 81 0.0892
67 80 0.7019
67 79 0.1404
67 78 0.0493
67 77 0.0115
67 76 0.0034
67 75 0.0021
67 74 0.0027
68 84 0.0058
68 83 0.0092
68 82 0.0851
68 81 0.6755
68 80 0.1452
68 79 0.0582
68 78 0.0230
68 77 0.0044
68 76 0.0026
68 75 0.0040
69 84 0.0130
69 83 0.0822
69 82 0.6315
69 81 0.1772
69 80 0.0664
69 79 0.0321
69 78 0.0091
69 77 0.0033
69 76 0.0052
70 84 0.0639
70 83 0.5284
70 82 0.2504
70 81 0.1003
70 80 0.0469
70 79 0.0113
70 78 0.0074
70 77 0.0066
71 84 0.3222
71 83 0.3626
71 82 0.1874
71 81 0.0879
71 80 0.0246
71 79 0.0098
71 78 0.0113
72 84 0.3897
72 83 0.3336
72 82 0.1768
72 81 0.0648
72 80 0.0233
72 79 0.0160
72 78 0.0015
73 84 0.4118
73 83 0.3301
73 82 0.1597
73 81 0.0644
73 80 0.0344
73 79 0.0025
73 78 0.0010
74 84 0.4251
74 83 0.3224
74 82 0.1564
74 81 0.0940
74 80 0.0050
74 79 0.0020
75 84 0.4336
75 83 0.3205
75 82 0.2411
75 81 0.0075
75 80 0.0029
75 79 0.0011
76 84 0.4424
76 83 0.5488
76 82 0.0183
76 81 0.0043
76 80 0.0018
77 84 1.0000
77 83 0.0226
77 82 0.0081
77 81 0.0022
