1 2 0.0009
1 1 0.9910
2 3 0.0016
2 2 0.9903
2 1 0.0064
3 4 0.0013
3 3 0.9883
3 2 0.0082
3 1 0.0015
4 5 0.0008
4 4 0.9895
4 3 0.0078
4 2 0.0018
4 1 0.0024
5 6 0.0017
5 5 0.9898
5 4 0.0068
5 3 0.0013
5 2 0.0025
6 7 0.0015
6 6 0.9918
6 5 0.0078
6 4 0.0015
6 3 0.0024
7 7 0.9970
7 6 0.0075
7 5 0.0033
7 4 0.0022
8 8 0.9994
8 7 0.0028
8 6 0.0008
9 9 0.9996
9 8 0.0006
10 11 0.0012
10 10 0.9993
10 9 0.0005
11 12 0.0012
11 11 0.9984
11 10 0.0015
12 12 0.9994
12 11 0.0015
12 10 0.0007
13 13 1.0000
14 14 1.0000
15 15 1.0000
16 16 1.0000
17 17 1.0000
18 18 1.0000
19 19 1.0000
20 20 0.9998
21 21 1.0000
22 22 1.0000
23 25 0.0007
23 24 0.0014
23 23 0.9996
24 25 0.0014
24 24 0.9984
24 23 0.0013
25 26 0.0007
25 25 0.9992
25 24 0.0013
26 27 0.0012
26 26 0.9995
26 25 0.0005
27 28 0.0020
27 27 0.9984
27 26 0.0014
28 29 0.0024
28 28 0.9961
28 27 0.0029
29 30 0.0022
29 29 0.9958
29 28 0.0035
30 31 0.0027
30 30 0.9952
30 29 0.0038
31 32 0.0018
31 31 0.9971
31 30 0.0037
32 33 0.0026
32 32 0.9977
32 31 0.0015
33 34 0.0009
33 33 0.9979
33 32 0.0028
34 35 0.0010
34 34 0.9987
34 33 0.0017
35 35 0.9996
35 34 0.0016
36 36 0.9999
37 37 0.9998
38 38 0.9993
38 37 0.0006
39 40 0.0023
39 39 0.9986
39 38 0.0012
40 41 0.0042
40 40 0.9950
40 39 0.0037
41 42 0.0044
41 41 0.9927
41 40 0.0044
41 39 0.0008
42 43 0.0043
42 42 0.9929
42 41 0.0040
42 40 0.0014
43 44 0.0040
43 43 0.9926
43 42 0.0043
43 41 0.0012
44 45 0.0028
44 44 0.9951
44 43 0.0039
44 42 0.0010
45 46 0.0017
45 45 0.9967
45 44 0.0030
45 43 0.0008
46 47 0.0013
46 46 0.9977
46 45 0.0019
47 48 0.0015
47 47 0.9987
47 46 0.0012
48 49 0.0022
48 48 0.9987
49 50 0.0045
49 49 0.9978
50 51 0.0059
50 50 0.9954
50 49 0.0014
51 52 0.0054
51 51 0.9944
51 50 0.0016
52 53 0.0037
52 52 0.9963
52 51 0.0009
53 54 0.0024
53 53 0.9976
54 55 0.0013
54 54 0.9989
55 56 0.0009
55 55 0.9992
56 57 0.0007
56 56 0.9996
57 58 0.0010
57 57 0.9995
58 59 0.0006
58 58 0.9993
58 57 0.0005
59 60 0.0007
59 59 0.9993
60 62 0.0009
60 61 0.0028
60 60 0.9981
60 59 0.0016
61 64 0.0019
61 63 0.0031
61 62 0.0087
61 61 0.9849
61 60 0.0123
61 59 0.0011
62 67 0.0014
62 66 0.0027
62 65 0.0083
62 64 0.0129
62 63 0.0207
62 62 0.9438
62 61 0.0383
62 60 0.0087
62 59 0.0011
63 69 0.0013
63 68 0.0060
63 67 0.0121
63 66 0.0334
63 65 0.0496
63 64 0.0638
63 63 0.8793
63 62 0.0680
63 61 0.0214
63 60 0.0084
63 59 0.0008
64 70 0.0012
64 69 0.0086
64 68 0.0196
64 67 0.0647
64 66 0.0848
64 65 0.0955
64 64 0.7745
64 63 0.0853
64 62 0.0398
64 61 0.0212
64 60 0.0067
64 59 0.0008
65 71 0.0013
65 70 0.0089
65 69 0.0180
65 68 0.0864
65 67 0.0997
65 66 0.1013
65 65 0.6737
65 64 0.0778
65 63 0.0446
65 62 0.0465
65 61 0.0124
65 60 0.0063
65 59 0.0008
66 72 0.0010
66 71 0.0083
66 70 0.0166
66 69 0.1067
66 68 0.1177
66 67 0.1129
66 66 0.5944
66 65 0.0650
66 64 0.0364
66 63 0.0712
66 62 0.0158
66 61 0.0114
66 60 0.0069
67 73 0.0007
67 72 0.0064
67 71 0.0178
67 70 0.1144
67 69 0.1099
67 68 0.0961
67 67 0.5169
67 66 0.0584
67 65 0.0260
67 64 0.0829
67 63 0.0177
67 62 0.0155
67 61 0.0169
68 73 0.0050
68 72 0.0163
68 71 0.1151
68 70 0.1089
68 69 0.0990
68 68 0.4712
68 67 0.0574
68 66 0.0233
68 65 0.0821
68 64 0.0210
68 63 0.0197
68 62 0.0272
69 73 0.0154
69 72 0.1083
69 71 0.1171
69 70 0.1087
69 69 0.4455
69 68 0.0520
69 67 0.0223
69 66 0.0892
69 65 0.0118
69 64 0.0254
69 63 0.0380
69 62 0.0007
70 74 0.0017
70 73 0.0908
70 72 0.1196
70 71 0.1367
70 70 0.4251
70 69 0.0556
70 68 0.0155
70 67 0.0993
70 66 0.0096
70 65 0.0194
70 64 0.0506
70 63 0.0013
71 74 0.0085
71 73 0.1196
71 72 0.1725
71 71 0.4334
71 70 0.0804
71 69 0.0191
71 68 0.1074
71 67 0.0088
71 66 0.0207
71 65 0.0528
71 64 0.0015
72 74 0.0115
72 73 0.2032
72 72 0.4033
72 71 0.1659
72 70 0.0404
72 69 0.1165
72 68 0.0070
72 67 0.0177
72 66 0.0554
72 65 0.0020
73 74 0.0524
73 73 0.2508
73 72 0.3183
73 71 0.1598
73 70 0.1559
73 69 0.0177
73 68 0.0212
73 67 0.0556
73 66 0.0029
73 65 0.0006
74 74 0.0981
74 73 0.2090
74 72 0.3187
74 71 0.3465
74 70 0.0532
74 69 0.0477
74 68 0.0539
74 67 0.0044
74 66 0.0011
75 74 0.0990
75 73 0.2150
75 72 0.6736
75 71 0.0308
75 70 0.0225
75 69 0.0204
75 68 0.0037
75 67 0.0011
76 74 0.1004
76 73 0.8980
76 72 0.0235
76 71 0.0110
76 70 0.0068
76 69 0.0020
76 68 0.0009
77 74 1.0000
77 73 0.0038
77 72 0.0019
77 71 0.0007
