1 2 0.0059
1 1 0.9604
2 3 0.0057
2 2 0.9565
2 1 0.0381
3 4 0.0048
3 3 0.9588
3 2 0.0385
3 1 0.0011
4 5 0.0041
4 4 0.9644
4 3 0.0362
4 2 0.0010
5 6 0.0038
5 5 0.9673
5 4 0.0312
6 7 0.0033
6 6 0.9727
6 5 0.0293
7 8 0.0018
7 7 0.9892
7 6 0.0243
8 9 0.0013
8 8 0.9921
8 7 0.0096
9 9 0.9940
9 8 0.0072
10 11 0.0017
10 10 0.9943
10 9 0.0056
11 12 0.0013
11 11 0.9947
11 10 0.0053
12 13 0.0025
12 12 0.9948
12 11 0.0037
12 10 0.0009
13 14 0.0012
13 13 0.9959
13 12 0.0047
13 11 0.0010
14 15 0.0016
14 14 0.9963
14 13 0.0025
15 16 0.0012
15 15 0.9964
15 14 0.0029
16 17 0.0016
16 16 0.9962
16 15 0.0029
17 17 0.9969
17 16 0.0033
18 18 0.9972
18 17 0.0025
19 20 0.0010
19 19 0.9972
19 18 0.0023
20 21 0.0021
20 20 0.9964
20 19 0.0026
21 22 0.0026
21 21 0.9945
21 20 0.0043
22 24 0.0010
22 23 0.0034
22 22 0.9943
22 21 0.0040
23 24 0.0017
23 23 0.9966
23 22 0.0039
24 25 0.0018
24 24 0.9972
24 23 0.0014
25 25 0.9983
25 24 0.0017
26 26 0.9990
27 28 0.0014
27 27 0.9987
27 26 0.0013
28 29 0.0014
28 28 0.9977
28 27 0.0018
29 30 0.0010
29 29 0.9979
29 28 0.0021
30 30 0.9983
30 29 0.0018
31 31 0.9987
31 30 0.0013
32 32 0.9996
32 31 0.0011
33 33 0.9994
34 35 0.0011
34 34 0.9987
35 36 0.0011
35 35 0.9987
35 34 0.0011
36 37 0.0022
36 36 0.9981
37 38 0.0024
37 37 0.9970
37 36 0.0017
38 39 0.0031
38 38 0.9961
38 37 0.0018
39 46 0.0009
39 45 0.0010
39 44 0.0010
39 43 0.0012
39 42 0.0014
39 41 0.0018
39 40 0.0088
39 39 0.9951
39 38 0.0021
40 49 0.0017
40 48 0.0031
40 47 0.0034
40 46 0.0037
40 45 0.0038
40 44 0.0042
40 43 0.0051
40 42 0.0057
40 41 0.0200
40 40 0.9862
40 39 0.0051
41 53 0.0011
41 52 0.0039
41 51 0.0045
41 50 0.0084
41 49 0.0182
41 48 0.0184
41 47 0.0191
41 46 0.0202
41 45 0.0210
41 44 0.0235
41 43 0.0250
41 42 0.0453
41 41 0.9684
41 40 0.0095
41 39 0.0013
42 55 0.0015
42 54 0.0020
42 53 0.0067
42 52 0.0062
42 51 0.0151
42 50 0.0341
42 49 0.0267
42 48 0.0280
42 47 0.0313
42 46 0.0319
42 45 0.0387
42 44 0.0393
42 43 0.0656
42 42 0.9259
42 41 0.0221
42 40 0.0027
43 56 0.0019
43 55 0.0034
43 54 0.0083
43 53 0.0092
43 52 0.0205
43 51 0.0998
43 50 0.0839
43 49 0.0920
43 48 0.1041
43 47 0.1054
43 46 0.1134
43 45 0.1144
43 44 0.1330
43 43 0.8679
43 42 0.0352
43 41 0.0063
44 57 0.0016
44 56 0.0054
44 55 0.0108
44 54 0.0135
44 53 0.0301
44 52 0.1991
44 51 0.1330
44 50 0.1565
44 49 0.1917
44 48 0.1901
44 47 0.2063
44 46 0.2115
44 45 0.2285
44 44 0.7632
44 43 0.0414
44 42 0.0102
44 41 0.0016
45 57 0.0038
45 56 0.0107
45 55 0.0160
45 54 0.0327
45 53 0.2632
45 52 0.1029
45 51 0.1236
45 50 0.1548
45 49 0.1230
45 48 0.1341
45 47 0.1361
45 46 0.1439
45 45 0.5536
45 44 0.0477
45 43 0.0149
45 42 0.0028
46 58 0.0017
46 57 0.0083
46 56 0.0216
46 55 0.0527
46 54 0.3339
46 53 0.1119
46 52 0.1273
46 51 0.1799
46 50 0.1331
46 49 0.1506
46 48 0.1595
46 47 0.1698
46 46 0.4380
46 45 0.0401
46 44 0.0180
46 43 0.0051
46 42 0.0012
47 58 0.0030
47 57 0.0147
47 56 0.0638
47 55 0.4157
47 54 0.1253
47 53 0.1259
47 52 0.1751
47 51 0.0959
47 50 0.1125
47 49 0.1181
47 48 0.1198
47 47 0.2990
47 46 0.0431
47 45 0.0126
47 44 0.0087
47 43 0.0023
48 59 0.0016
48 58 0.0059
48 57 0.0551
48 56 0.6589
48 55 0.2463
48 54 0.2529
48 53 0.2531
48 52 0.1801
48 51 0.1801
48 50 0.1708
48 49 0.1532
48 48 0.2259
48 47 0.0342
48 46 0.0139
48 45 0.0062
48 44 0.0048
49 59 0.0047
49 58 0.0292
49 57 0.9033
49 56 0.2276
49 55 0.2306
49 54 0.2058
49 53 0.1806
49 52 0.1682
49 51 0.1592
49 50 0.1370
49 49 0.1302
49 48 0.0262
49 47 0.0086
49 46 0.0048
49 45 0.0037
49 44 0.0012
50 60 0.0033
50 59 0.0234
50 58 0.9407
50 57 0.0486
50 56 0.0509
50 55 0.0357
50 54 0.0320
50 53 0.0272
50 52 0.0265
50 51 0.0179
50 50 0.0180
50 49 0.0059
50 48 0.0032
50 47 0.0021
50 46 0.0021
51 61 0.0028
51 60 0.0159
51 59 0.9587
51 58 0.0222
51 57 0.0217
51 56 0.0113
51 55 0.0096
51 54 0.0082
51 53 0.0078
51 52 0.0055
51 51 0.0052
51 50 0.0023
51 49 0.0017
51 48 0.0012
51 47 0.0010
52 62 0.0017
52 61 0.0141
52 60 0.9666
52 59 0.0137
52 58 0.0126
52 57 0.0028
52 56 0.0023
52 55 0.0018
52 54 0.0018
52 53 0.0011
52 52 0.0011
53 62 0.0113
53 61 0.9779
53 60 0.0126
53 59 0.0096
53 58 0.0011
54 63 0.0083
54 62 0.9873
54 61 0.0085
54 60 0.0061
55 64 0.0072
55 63 0.9905
55 62 0.0044
55 61 0.0023
56 65 0.0064
56 64 0.9929
56 63 0.0027
57 66 0.0072
57 65 0.9933
57 64 0.0016
58 67 0.0071
58 66 0.9926
58 65 0.0013
59 69 0.0013
59 68 0.0096
59 67 0.9925
59 66 0.0010
60 71 0.0010
60 70 0.0023
60 69 0.0177
60 68 0.9897
60 67 0.0016
61 72 0.0026
61 71 0.0050
61 70 0.0431
61 69 0.9804
61 68 0.0019
62 73 0.0045
62 72 0.0059
62 71 0.0976
62 70 0.9520
62 69 0.0035
63 74 0.0053
63 73 0.0047
63 72 0.1192
63 71 0.8938
63 70 0.0046
63 69 0.0011
64 75 0.0059
64 74 0.0048
64 73 0.1427
64 72 0.8684
64 71 0.0043
64 70 0.0019
65 76 0.0061
65 75 0.0032
65 74 0.1664
65 73 0.8427
65 72 0.0067
65 71 0.0021
66 77 0.0062
66 76 0.0031
66 75 0.1905
66 74 0.8185
66 73 0.0065
66 72 0.0023
67 78 0.0061
67 77 0.0026
67 76 0.2031
67 75 0.7937
67 74 0.0077
67 73 0.0022
68 79 0.0057
68 78 0.0029
68 77 0.2079
68 76 0.7822
68 75 0.0077
68 74 0.0023
69 80 0.0053
69 79 0.0034
69 78 0.2206
69 77 0.7778
69 76 0.0075
69 75 0.0020
70 81 0.0051
70 80 0.0027
70 79 0.2262
70 78 0.7663
70 77 0.0078
70 76 0.0014
71 82 0.0012
71 81 0.0066
71 80 0.2252
71 79 0.7638
71 78 0.0074
71 77 0.0014
72 82 0.0018
72 81 0.2210
72 80 0.7741
72 79 0.0073
72 78 0.0014
73 83 0.0016
73 82 0.1368
73 81 0.8617
73 80 0.0067
73 79 0.0018
74 83 0.0570
74 82 0.9422
74 81 0.0018
75 84 0.0311
75 83 0.9683
75 82 0.0019
76 85 0.0055
76 84 0.9944
76 83 0.0011
77 85 1.0000
