1 2 0.0020
1 1 0.9984
2 3 0.0011
2 2 0.9979
2 1 0.0020
3 3 0.9992
3 2 0.0015
4 4 0.9996
5 5 0.9998
6 6 0.9999
7 7 0.9999
8 8 0.9999
9 9 0.9999
10 10 0.9999
11 11 0.9998
12 12 0.9995
13 13 0.9990
13 12 0.0011
14 14 0.9978
14 13 0.0023
15 15 0.9965
15 14 0.0038
16 16 0.9949
16 15 0.0053
17 17 0.9916
17 16 0.0085
18 20 0.0010
18 19 0.0019
18 18 0.9898
18 17 0.0098
19 21 0.0010
19 20 0.0018
19 19 0.9879
19 18 0.0118
20 21 0.0020
20 20 0.9892
20 19 0.0115
21 22 0.0016
21 21 0.9904
21 20 0.0099
22 22 0.9941
22 21 0.0084
23 23 0.9975
23 22 0.0053
24 24 0.9989
24 23 0.0025
25 25 0.9994
25 24 0.0009
26 27 0.0021
26 26 0.9991
27 28 0.0058
27 27 0.9974
27 26 0.0013
28 29 0.0071
28 28 0.9923
28 27 0.0027
29 30 0.0076
29 29 0.9906
29 28 0.0032
30 31 0.0064
30 30 0.9909
30 29 0.0038
31 32 0.0059
31 31 0.9913
31 30 0.0036
32 34 0.0016
32 33 0.0076
32 32 0.9900
32 31 0.0051
33 35 0.0016
33 34 0.0066
33 33 0.9712
33 32 0.0235
34 36 0.0012
34 35 0.0076
34 34 0.9632
34 33 0.0304
34 32 0.0012
35 37 0.0010
35 36 0.0076
35 35 0.9536
35 34 0.0403
35 33 0.0012
36 37 0.0073
36 36 0.9400
36 35 0.0529
36 34 0.0014
37 38 0.0068
37 37 0.9353
37 36 0.0587
37 35 0.0009
38 40 0.0020
38 39 0.0080
38 38 0.9337
38 37 0.0600
39 41 0.0072
39 40 0.0154
39 39 0.9318
39 38 0.0617
40 43 0.0015
40 42 0.0196
40 41 0.0279
40 40 0.9181
40 39 0.0662
41 45 0.0016
41 44 0.0038
41 43 0.0530
41 42 0.0671
41 41 0.8905
41 40 0.0759
41 39 0.0010
42 47 0.0016
42 46 0.0032
42 45 0.0061
42 44 0.0894
42 43 0.0873
42 42 0.8321
42 41 0.0867
42 40 0.0013
43 49 0.0013
43 48 0.0050
43 47 0.0124
43 46 0.0190
43 45 0.1372
43 44 0.1020
43 43 0.7852
43 42 0.0844
43 41 0.0021
44 51 0.0012
44 50 0.0040
44 49 0.0150
44 48 0.0443
44 47 0.0649
44 46 0.2128
44 45 0.1540
44 44 0.7628
44 43 0.0770
44 42 0.0027
45 52 0.0012
45 51 0.0037
45 50 0.0202
45 49 0.0445
45 48 0.0499
45 47 0.1907
45 46 0.0994
45 45 0.6690
45 44 0.0482
45 43 0.0042
45 42 0.0011
46 54 0.0009
46 53 0.0020
46 52 0.0057
46 51 0.0414
46 50 0.0809
46 49 0.1000
46 48 0.2724
46 47 0.1832
46 46 0.6405
46 45 0.0373
46 44 0.0048
46 43 0.0020
47 55 0.0012
47 54 0.0036
47 53 0.0090
47 52 0.0774
47 51 0.1083
47 50 0.1437
47 49 0.3036
47 48 0.1886
47 47 0.5268
47 46 0.0343
47 45 0.0032
47 44 0.0018
48 56 0.0012
48 55 0.0040
48 54 0.0114
48 53 0.1104
48 52 0.1170
48 51 0.1525
48 50 0.2793
48 49 0.1586
48 48 0.4212
48 47 0.0302
48 46 0.0047
48 45 0.0012
49 56 0.0039
49 55 0.0146
49 54 0.1562
49 53 0.1276
49 52 0.1510
49 51 0.2739
49 50 0.1317
49 49 0.3642
49 48 0.0269
49 47 0.0049
49 46 0.0018
50 58 0.0012
50 57 0.0034
50 56 0.0206
50 55 0.2295
50 54 0.1597
50 53 0.1714
50 52 0.2917
50 51 0.1334
50 50 0.3297
50 49 0.0227
50 48 0.0042
50 47 0.0019
51 59 0.0015
51 58 0.0047
51 57 0.0272
51 56 0.3453
51 55 0.2092
51 54 0.2036
51 53 0.3063
51 52 0.1262
51 51 0.2819
51 50 0.0218
51 49 0.0033
51 48 0.0018
52 60 0.0020
52 59 0.0050
52 58 0.0317
52 57 0.3793
52 56 0.1371
52 55 0.1263
52 54 0.2195
52 53 0.0612
52 52 0.2287
52 51 0.0154
52 50 0.0026
52 49 0.0012
53 61 0.0017
53 60 0.0056
53 59 0.0351
53 58 0.4709
53 57 0.1945
53 56 0.1788
53 55 0.2369
53 54 0.0879
53 53 0.2182
53 52 0.0140
53 51 0.0028
53 50 0.0014
54 62 0.0017
54 61 0.0063
54 60 0.0399
54 59 0.5414
54 58 0.1626
54 57 0.1280
54 56 0.1671
54 55 0.0487
54 54 0.1660
54 53 0.0074
54 52 0.0020
55 63 0.0012
55 62 0.0060
55 61 0.0381
55 60 0.6257
55 59 0.1584
55 58 0.1232
55 57 0.1615
55 56 0.0624
55 55 0.1402
55 54 0.0059
55 53 0.0024
56 63 0.0045
56 62 0.0333
56 61 0.7872
56 60 0.1978
56 59 0.1516
56 58 0.1524
56 57 0.0583
56 56 0.0971
56 55 0.0055
56 54 0.0021
57 64 0.0024
57 63 0.0277
57 62 0.9000
57 61 0.1307
57 60 0.0932
57 59 0.0856
57 58 0.0402
57 57 0.0578
57 56 0.0052
57 55 0.0020
58 65 0.0017
58 64 0.0211
58 63 0.9519
58 62 0.0677
58 61 0.0480
58 60 0.0439
58 59 0.0288
58 58 0.0298
58 57 0.0031
58 56 0.0011
59 66 0.0015
59 65 0.0175
59 64 0.9646
59 63 0.0237
59 62 0.0087
59 61 0.0080
59 60 0.0055
59 59 0.0055
59 58 0.0013
60 67 0.0009
60 66 0.0145
60 65 0.9721
60 64 0.0151
60 63 0.0023
60 62 0.0019
61 67 0.0075
61 66 0.9832
61 65 0.0121
61 64 0.0018
61 63 0.0012
62 68 0.0040
62 67 0.9910
62 66 0.0088
62 65 0.0013
63 69 0.0027
63 68 0.9936
63 67 0.0056
64 70 0.0017
64 69 0.9959
64 68 0.0041
65 71 0.0014
65 70 0.9964
65 69 0.0026
66 72 0.0017
66 71 0.9952
66 70 0.0029
66 69 0.0013
67 73 0.0028
67 72 0.9920
67 71 0.0041
67 70 0.0027
68 74 0.0023
68 73 0.9780
68 72 0.0157
68 71 0.0055
69 76 0.0016
69 75 0.0033
69 74 0.9535
69 73 0.0269
69 72 0.0188
70 77 0.0027
70 76 0.0041
70 75 0.9205
70 74 0.0340
70 73 0.0408
70 72 0.0025
71 78 0.0032
71 77 0.0037
71 76 0.8860
71 75 0.0372
71 74 0.0672
71 73 0.0051
71 72 0.0011
72 80 0.0010
72 79 0.0046
72 78 0.0060
72 77 0.8707
72 76 0.0216
72 75 0.0896
72 74 0.0103
72 73 0.0026
73 81 0.0012
73 80 0.0050
73 79 0.0064
73 78 0.8523
73 77 0.0244
73 76 0.0951
73 75 0.0146
73 74 0.0055
73 73 0.0009
74 82 0.0011
74 81 0.0050
74 80 0.0058
74 79 0.8366
74 78 0.0232
74 77 0.1073
74 76 0.0136
74 75 0.0090
74 74 0.0020
75 83 0.0014
75 82 0.0058
75 81 0.0068
75 80 0.8261
75 79 0.0179
75 78 0.1155
75 77 0.0178
75 76 0.0090
75 75 0.0037
75 74 0.0019
76 84 0.0015
76 83 0.0062
76 82 0.0086
76 81 0.8127
76 80 0.0194
76 79 0.1208
76 78 0.0173
76 77 0.0133
76 76 0.0032
76 75 0.0043
77 84 0.0067
77 83 0.0158
77 82 0.7779
77 81 0.0414
77 80 0.1255
77 79 0.0172
77 78 0.0162
77 77 0.0056
77 76 0.0057
78 84 0.0230
78 83 0.7010
78 82 0.0859
78 81 0.1492
78 80 0.0183
78 79 0.0200
78 78 0.0059
78 77 0.0089
79 84 0.4424
79 83 0.2861
79 82 0.1864
79 81 0.0469
79 80 0.0215
79 79 0.0085
79 78 0.0127
80 84 0.4540
80 83 0.3661
80 82 0.1039
80 81 0.0504
80 80 0.0091
80 79 0.0196
81 84 0.5164
81 83 0.3166
81 82 0.1060
81 81 0.0369
81 80 0.0263
82 84 0.5269
82 83 0.3174
82 82 0.0956
82 81 0.0606
82 80 0.0018
83 84 0.5382
83 83 0.3101
83 82 0.1501
83 81 0.0038
83 80 0.0010
84 84 0.5455
84 83 0.4499
84 82 0.0104
84 81 0.0020
85 84 1.0000
85 83 0.0178
85 82 0.0045
