1 1 0.9994
2 2 0.9991
3 3 0.9991
4 4 0.9990
5 5 0.9987
6 6 0.9980
6 5 0.0013
7 7 0.9986
7 6 0.0016
8 8 0.9990
8 7 0.0010
9 9 0.9993
10 11 0.0015
10 10 0.9992
11 13 0.0011
11 12 0.0029
11 11 0.9980
12 13 0.0038
12 12 0.9960
12 11 0.0015
13 14 0.0025
13 13 0.9961
13 12 0.0021
14 15 0.0032
14 14 0.9962
14 13 0.0010
15 16 0.0040
15 15 0.9960
15 14 0.0012
16 17 0.0050
16 16 0.9952
16 15 0.0009
17 18 0.0047
17 17 0.9949
17 16 0.0013
18 19 0.0049
18 18 0.9947
19 20 0.0069
19 19 0.9945
20 21 0.0102
20 20 0.9919
20 19 0.0011
21 22 0.0099
21 21 0.9884
21 20 0.0022
22 23 0.0097
22 22 0.9876
22 21 0.0030
23 24 0.0076
23 23 0.9898
23 22 0.0038
24 25 0.0023
24 24 0.9964
24 23 0.0027
24 22 0.0009
25 25 0.9988
25 24 0.0011
26 26 0.9996
27 27 0.9997
28 28 0.9996
29 29 0.9989
30 32 0.0010
30 31 0.0027
30 30 0.9976
30 29 0.0012
31 33 0.0013
31 32 0.0031
31 31 0.9952
31 30 0.0023
32 34 0.0012
32 33 0.0039
32 32 0.9943
32 31 0.0027
33 35 0.0010
33 34 0.0023
33 33 0.9927
33 32 0.0054
34 35 0.0023
34 34 0.9926
34 33 0.0051
34 32 0.0013
35 36 0.0010
35 35 0.9927
35 34 0.0062
35 33 0.0014
36 37 0.0018
36 36 0.9924
36 35 0.0047
36 34 0.0019
37 38 0.0014
37 37 0.9921
37 36 0.0058
37 35 0.0020
38 39 0.0015
38 38 0.9916
38 37 0.0057
38 36 0.0020
39 40 0.0028
39 39 0.9905
39 38 0.0068
39 37 0.0018
40 41 0.0043
40 40 0.9868
40 39 0.0085
40 38 0.0024
41 42 0.0045
41 41 0.9847
41 40 0.0087
41 39 0.0035
42 44 0.0011
42 43 0.0062
42 42 0.9834
42 41 0.0075
42 40 0.0043
42 39 0.0013
43 47 0.0010
43 46 0.0024
43 45 0.0048
43 44 0.0139
43 43 0.9746
43 42 0.0128
43 41 0.0041
43 40 0.0024
44 50 0.0013
44 49 0.0028
44 48 0.0063
44 47 0.0102
44 46 0.0155
44 45 0.0329
44 44 0.9083
44 43 0.0668
44 42 0.0090
44 41 0.0032
45 51 0.0012
45 50 0.0021
45 49 0.0051
45 48 0.0079
45 47 0.0116
45 46 0.0306
45 45 0.6721
45 44 0.2285
45 43 0.0621
45 42 0.0081
45 41 0.0014
45 40 0.0014
46 51 0.0019
46 50 0.0057
46 49 0.0111
46 48 0.0188
46 47 0.0410
46 46 0.5413
46 45 0.1511
46 44 0.2099
46 43 0.0566
46 42 0.0062
46 41 0.0022
47 52 0.0011
47 51 0.0048
47 50 0.0096
47 49 0.0127
47 48 0.0316
47 47 0.3672
47 46 0.1931
47 45 0.1404
47 44 0.1985
47 43 0.0531
47 42 0.0069
47 41 0.0012
48 52 0.0021
48 51 0.0089
48 50 0.0127
48 49 0.0274
48 48 0.2862
48 47 0.1242
48 46 0.1776
48 45 0.1343
48 44 0.1829
48 43 0.0525
48 42 0.0059
48 41 0.0011
49 52 0.0034
49 51 0.0118
49 50 0.0218
49 49 0.1892
49 48 0.1518
49 47 0.1162
49 46 0.1663
49 45 0.1213
49 44 0.1782
49 43 0.0486
49 42 0.0056
49 41 0.0013
50 53 0.0010
50 52 0.0043
50 51 0.0159
50 50 0.0894
50 49 0.1416
50 48 0.1600
50 47 0.1105
50 46 0.1464
50 45 0.1448
50 44 0.1461
50 43 0.0465
50 42 0.0059
51 53 0.0013
51 52 0.0057
51 51 0.0413
51 50 0.0748
51 49 0.1540
51 48 0.1689
51 47 0.0911
51 46 0.1897
51 45 0.1078
51 44 0.1297
51 43 0.0466
51 42 0.0022
52 53 0.0020
52 52 0.0133
52 51 0.0380
52 50 0.0815
52 49 0.1658
52 48 0.1624
52 47 0.1766
52 46 0.1225
52 45 0.1110
52 44 0.1299
52 43 0.0096
52 42 0.0012
53 53 0.0035
53 52 0.0134
53 51 0.0422
53 50 0.0885
53 49 0.1707
53 48 0.2447
53 47 0.1103
53 46 0.1281
53 45 0.1713
53 44 0.0364
53 43 0.0061
53 42 0.0009
54 53 0.0039
54 52 0.0147
54 51 0.0449
54 50 0.0941
54 49 0.2193
54 48 0.2138
54 47 0.1293
54 46 0.2373
54 45 0.0426
54 44 0.0132
54 43 0.0032
55 53 0.0044
55 52 0.0160
55 51 0.0517
55 50 0.1281
55 49 0.2075
55 48 0.2230
55 47 0.2941
55 46 0.0706
55 45 0.0142
55 44 0.0086
55 43 0.0018
56 53 0.0050
56 52 0.0182
56 51 0.0679
56 50 0.1305
56 49 0.2200
56 48 0.4839
56 47 0.0825
56 46 0.0194
56 45 0.0093
56 44 0.0046
57 53 0.0059
57 52 0.0288
57 51 0.0784
57 50 0.1463
57 49 0.6819
57 48 0.0808
57 47 0.0139
57 46 0.0094
57 45 0.0042
57 44 0.0018
58 54 0.0015
58 53 0.0159
58 52 0.0409
58 51 0.0948
58 50 0.7873
58 49 0.0742
58 48 0.0136
58 47 0.0078
58 46 0.0046
58 45 0.0018
59 54 0.0076
59 53 0.0296
59 52 0.0566
59 51 0.8526
59 50 0.0664
59 49 0.0115
59 48 0.0061
59 47 0.0035
59 46 0.0019
60 55 0.0027
60 54 0.0183
60 53 0.0469
60 52 0.8847
60 51 0.0559
60 50 0.0063
60 49 0.0036
60 48 0.0019
60 47 0.0011
61 55 0.0068
61 54 0.0291
61 53 0.9321
61 52 0.0483
61 51 0.0031
61 50 0.0016
62 56 0.0025
62 55 0.0142
62 54 0.9677
62 53 0.0319
62 52 0.0012
63 56 0.0084
63 55 0.9811
63 54 0.0167
64 57 0.0040
64 56 0.9918
64 55 0.0105
65 58 0.0023
65 57 0.9956
65 56 0.0045
66 59 0.0022
66 58 0.9964
66 57 0.0024
67 60 0.0029
67 59 0.9961
67 58 0.0020
68 61 0.0041
68 60 0.9926
68 59 0.0046
69 63 0.0015
69 62 0.0101
69 61 0.9848
69 60 0.0082
69 59 0.0037
70 66 0.0013
70 65 0.0019
70 64 0.0045
70 63 0.0176
70 62 0.9583
70 61 0.0231
70 60 0.0070
70 59 0.0021
71 67 0.0015
71 66 0.0023
71 65 0.0068
71 64 0.0207
71 63 0.9245
71 62 0.0329
71 61 0.0200
71 60 0.0048
72 69 0.0010
72 68 0.0021
72 67 0.0033
72 66 0.0100
72 65 0.0241
72 64 0.9080
72 63 0.0279
72 62 0.0245
72 61 0.0161
72 60 0.0014
73 70 0.0010
73 69 0.0022
73 68 0.0036
73 67 0.0131
73 66 0.0267
73 65 0.8920
73 64 0.0308
73 63 0.0192
73 62 0.0258
73 61 0.0043
74 71 0.0010
74 70 0.0021
74 69 0.0035
74 68 0.0160
74 67 0.0291
74 66 0.8766
74 65 0.0342
74 64 0.0193
74 63 0.0282
74 62 0.0074
74 61 0.0011
75 72 0.0010
75 71 0.0022
75 70 0.0031
75 69 0.0179
75 68 0.0300
75 67 0.8621
75 66 0.0370
75 65 0.0203
75 64 0.0316
75 63 0.0080
75 62 0.0023
75 61 0.0012
76 73 0.0010
76 72 0.0024
76 71 0.0036
76 70 0.0185
76 69 0.0284
76 68 0.8502
76 67 0.0385
76 66 0.0205
76 65 0.0366
76 64 0.0080
76 63 0.0021
76 62 0.0027
77 73 0.0023
77 72 0.0039
77 71 0.0187
77 70 0.0265
77 69 0.8426
77 68 0.0404
77 67 0.0205
77 66 0.0417
77 65 0.0074
77 64 0.0020
77 63 0.0038
78 73 0.0040
78 72 0.0177
78 71 0.0308
78 70 0.8348
78 69 0.0424
78 68 0.0204
78 67 0.0467
78 66 0.0069
78 65 0.0019
78 64 0.0044
78 63 0.0010
79 73 0.0165
79 72 0.0325
79 71 0.8208
79 70 0.0505
79 69 0.0240
79 68 0.0526
79 67 0.0068
79 66 0.0018
79 65 0.0045
79 64 0.0015
80 74 0.0024
80 73 0.0291
80 72 0.7198
80 71 0.1476
80 70 0.0329
80 69 0.0637
80 68 0.0070
80 67 0.0022
80 66 0.0047
80 65 0.0015
81 74 0.0053
81 73 0.6184
81 72 0.1582
81 71 0.1320
81 70 0.0808
81 69 0.0062
81 68 0.0019
81 67 0.0043
81 66 0.0015
82 74 0.2979
82 73 0.3330
82 72 0.1560
82 71 0.2072
82 70 0.0102
82 69 0.0047
82 68 0.0049
82 67 0.0016
83 74 0.3004
83 73 0.3370
83 72 0.3574
83 71 0.0115
83 70 0.0035
83 69 0.0024
84 74 0.3025
84 73 0.6966
84 72 0.0097
84 71 0.0035
84 70 0.0013
85 74 1.0000
85 73 0.0034
