1 2 0.0010
1 1 0.9989
2 3 0.0010
2 2 0.9982
3 5 0.0009
3 3 0.9981
3 2 0.0009
4 6 0.0011
4 4 0.9982
5 7 0.0012
5 6 0.0013
5 5 0.9980
6 7 0.0018
6 6 0.9975
6 5 0.0011
7 8 0.0010
7 7 0.9984
7 6 0.0012
8 8 0.9989
9 9 0.9991
9 8 0.0009
10 10 0.9987
10 9 0.0012
11 12 0.0010
11 11 0.9970
11 10 0.0024
12 13 0.0018
12 12 0.9940
12 11 0.0045
12 10 0.0012
13 13 0.9930
13 12 0.0058
13 11 0.0022
14 14 0.9930
14 13 0.0055
14 12 0.0020
15 16 0.0014
15 15 0.9910
15 14 0.0073
15 13 0.0014
16 18 0.0014
16 17 0.0025
16 16 0.9779
16 15 0.0201
16 14 0.0013
17 20 0.0014
17 19 0.0019
17 18 0.0023
17 17 0.9643
17 16 0.0329
17 15 0.0013
18 21 0.0021
18 20 0.0034
18 19 0.0056
18 18 0.9602
18 17 0.0352
18 16 0.0017
19 22 0.0018
19 21 0.0037
19 20 0.0074
19 19 0.9546
19 18 0.0392
19 17 0.0019
20 23 0.0015
20 22 0.0027
20 21 0.0135
20 20 0.9531
20 19 0.0383
20 18 0.0027
21 24 0.0013
21 23 0.0018
21 22 0.0172
21 21 0.9581
21 20 0.0367
21 19 0.0033
22 24 0.0030
22 23 0.0223
22 22 0.9562
22 21 0.0264
22 20 0.0022
23 25 0.0024
23 24 0.0244
23 23 0.9546
23 22 0.0252
23 21 0.0023
24 26 0.0022
24 25 0.0250
24 24 0.9585
24 23 0.0223
24 22 0.0023
25 27 0.0029
25 26 0.0304
25 25 0.9584
25 24 0.0164
25 23 0.0013
26 28 0.0044
26 27 0.0683
26 26 0.9534
26 25 0.0164
26 24 0.0012
27 29 0.0033
27 28 0.1667
27 27 0.9110
27 26 0.0236
27 25 0.0018
28 30 0.0031
28 29 0.2075
28 28 0.7909
28 27 0.0430
28 26 0.0022
29 31 0.0032
29 30 0.2292
29 29 0.7386
29 28 0.0538
29 27 0.0018
30 32 0.0034
30 31 0.2333
30 30 0.7032
30 29 0.0669
30 28 0.0020
30 27 0.0010
31 33 0.0031
31 32 0.2354
31 31 0.6966
31 30 0.0720
31 29 0.0019
31 28 0.0012
32 34 0.0023
32 33 0.2454
32 32 0.6961
32 31 0.0721
32 30 0.0011
32 29 0.0010
33 35 0.0027
33 34 0.2554
33 33 0.6852
33 32 0.0703
33 31 0.0010
34 37 0.0016
34 36 0.0038
34 35 0.2817
34 34 0.6776
34 33 0.0713
35 38 0.0027
35 37 0.0044
35 36 0.2873
35 35 0.6400
35 34 0.0796
35 33 0.0014
36 49 0.0018
36 48 0.0015
36 47 0.0015
36 46 0.0015
36 45 0.0015
36 44 0.0015
36 43 0.0016
36 42 0.0020
36 41 0.0020
36 40 0.0026
36 39 0.0055
36 38 0.0065
36 37 0.2838
36 36 0.6239
36 35 0.0910
36 34 0.0021
37 50 0.0017
37 43 0.0014
37 42 0.0018
37 41 0.0029
37 40 0.0061
37 39 0.0058
37 38 0.2749
37 37 0.6079
37 36 0.1162
37 35 0.0025
38 54 0.0010
38 53 0.0017
38 52 0.0014
38 51 0.0047
38 50 0.0032
38 49 0.0033
38 48 0.0033
38 47 0.0034
38 46 0.0036
38 45 0.0038
38 44 0.0046
38 43 0.0058
38 42 0.0072
38 41 0.0134
38 40 0.0152
38 39 0.2816
38 38 0.5914
38 37 0.1266
38 36 0.0016
39 55 0.0013
39 54 0.0033
39 53 0.0038
39 52 0.0229
39 51 0.0198
39 50 0.0212
39 49 0.0215
39 48 0.0228
39 47 0.0232
39 46 0.0238
39 45 0.0245
39 44 0.0255
39 43 0.0263
39 42 0.0333
39 41 0.0387
39 40 0.3150
39 39 0.5782
39 38 0.1331
39 37 0.0014
40 57 0.0010
40 56 0.0021
40 55 0.0041
40 54 0.0068
40 53 0.0834
40 52 0.0638
40 51 0.0652
40 50 0.0648
40 49 0.0656
40 48 0.0654
40 47 0.0660
40 46 0.0663
40 45 0.0687
40 44 0.0691
40 43 0.0752
40 42 0.0906
40 41 0.3400
40 40 0.5040
40 39 0.1633
40 38 0.0025
41 58 0.0011
41 57 0.0020
41 56 0.0026
41 55 0.0067
41 54 0.1893
41 53 0.1100
41 52 0.1132
41 51 0.1124
41 50 0.1136
41 49 0.1133
41 48 0.1145
41 47 0.1144
41 46 0.1152
41 45 0.1132
41 44 0.1141
41 43 0.1254
41 42 0.3236
41 41 0.4081
41 40 0.2025
41 39 0.0049
42 59 0.0012
42 58 0.0024
42 57 0.0023
42 56 0.0056
42 55 0.2748
42 54 0.0898
42 53 0.0979
42 52 0.0943
42 51 0.0941
42 50 0.0924
42 49 0.0923
42 48 0.0908
42 47 0.0905
42 46 0.0895
42 45 0.0896
42 44 0.1024
42 43 0.2722
42 42 0.3357
42 41 0.2169
42 40 0.0044
43 60 0.0014
43 59 0.0027
43 58 0.0027
43 57 0.0081
43 56 0.3673
43 55 0.1105
43 54 0.1216
43 53 0.1157
43 52 0.1163
43 51 0.1166
43 50 0.1175
43 49 0.1180
43 48 0.1190
43 47 0.1194
43 46 0.1199
43 45 0.1311
43 44 0.2336
43 43 0.2929
43 42 0.2136
43 41 0.0035
44 61 0.0014
44 60 0.0030
44 59 0.0037
44 58 0.0083
44 57 0.4150
44 56 0.0841
44 55 0.0969
44 54 0.0893
44 53 0.0897
44 52 0.0911
44 51 0.0929
44 50 0.0942
44 49 0.0966
44 48 0.0978
44 47 0.0982
44 46 0.1047
44 45 0.1771
44 44 0.2790
44 43 0.2030
44 42 0.0037
45 62 0.0011
45 61 0.0030
45 60 0.0051
45 59 0.0106
45 58 0.4571
45 57 0.0813
45 56 0.0935
45 55 0.0768
45 54 0.0752
45 53 0.0765
45 52 0.0786
45 51 0.0799
45 50 0.0833
45 49 0.0855
45 48 0.0856
45 47 0.0918
45 46 0.1289
45 45 0.2282
45 44 0.1789
45 43 0.0043
46 63 0.0011
46 62 0.0020
46 61 0.0056
46 60 0.0128
46 59 0.5183
46 58 0.1001
46 57 0.1076
46 56 0.0791
46 55 0.0734
46 54 0.0737
46 53 0.0756
46 52 0.0761
46 51 0.0806
46 50 0.0833
46 49 0.0821
46 48 0.0905
46 47 0.1104
46 46 0.1992
46 45 0.1663
46 44 0.0050
46 43 0.0012
47 63 0.0018
47 62 0.0033
47 61 0.0130
47 60 0.5923
47 59 0.1102
47 58 0.1101
47 57 0.0735
47 56 0.0628
47 55 0.0608
47 54 0.0617
47 53 0.0599
47 52 0.0648
47 51 0.0666
47 50 0.0622
47 49 0.0737
47 48 0.0825
47 47 0.1615
47 46 0.1535
47 45 0.0052
47 44 0.0016
48 64 0.0015
48 63 0.0034
48 62 0.0087
48 61 0.6997
48 60 0.1448
48 59 0.1402
48 58 0.1073
48 57 0.1004
48 56 0.0977
48 55 0.0958
48 54 0.0952
48 53 0.0952
48 52 0.0913
48 51 0.0834
48 50 0.0932
48 49 0.0931
48 48 0.1472
48 47 0.1206
48 46 0.0065
48 45 0.0018
49 64 0.0032
49 63 0.0100
49 62 0.7549
49 61 0.0930
49 60 0.0925
49 59 0.0629
49 58 0.0605
49 57 0.0598
49 56 0.0586
49 55 0.0579
49 54 0.0569
49 53 0.0547
49 52 0.0496
49 51 0.0555
49 50 0.0556
49 49 0.0879
49 48 0.0788
49 47 0.0051
49 46 0.0019
50 65 0.0021
50 64 0.0094
50 63 0.8250
50 62 0.1060
50 61 0.1102
50 60 0.0746
50 59 0.0729
50 58 0.0728
50 57 0.0723
50 56 0.0715
50 55 0.0710
50 54 0.0703
50 53 0.0668
50 52 0.0694
50 51 0.0675
50 50 0.0869
50 49 0.0657
50 48 0.0050
50 47 0.0018
51 65 0.0062
51 64 0.8887
51 63 0.0932
51 62 0.1042
51 61 0.0620
51 60 0.0594
51 59 0.0598
51 58 0.0598
51 57 0.0588
51 56 0.0582
51 55 0.0596
51 54 0.0550
51 53 0.0567
51 52 0.0536
51 51 0.0556
51 50 0.0291
51 49 0.0053
51 48 0.0014
52 66 0.0032
52 65 0.9338
52 64 0.0683
52 63 0.0709
52 62 0.0269
52 61 0.0257
52 60 0.0253
52 59 0.0242
52 58 0.0227
52 57 0.0224
52 56 0.0226
52 55 0.0192
52 54 0.0190
52 53 0.0165
52 52 0.0159
52 51 0.0085
52 50 0.0020
53 67 0.0022
53 66 0.9585
53 65 0.0420
53 64 0.0375
53 63 0.0051
53 62 0.0041
53 61 0.0040
53 60 0.0038
53 59 0.0036
53 58 0.0035
53 57 0.0035
53 56 0.0023
53 55 0.0023
53 54 0.0020
53 53 0.0020
53 52 0.0013
54 68 0.0018
54 67 0.9806
54 66 0.0319
54 65 0.0215
54 64 0.0014
55 69 0.0015
55 68 0.9880
55 67 0.0159
55 66 0.0080
56 70 0.0010
56 69 0.9935
56 68 0.0103
56 67 0.0031
57 71 0.0010
57 70 0.9957
57 69 0.0056
57 68 0.0012
58 72 0.0015
58 71 0.9959
58 70 0.0039
59 73 0.0023
59 72 0.9948
59 71 0.0039
60 75 0.0010
60 74 0.0053
60 73 0.9903
60 72 0.0075
61 76 0.0027
61 75 0.0154
61 74 0.9691
61 73 0.0226
61 72 0.0038
62 78 0.0015
62 77 0.0052
62 76 0.0254
62 75 0.9314
62 74 0.0339
62 73 0.0167
62 72 0.0036
63 80 0.0013
63 79 0.0023
63 78 0.0094
63 77 0.0384
63 76 0.8581
63 75 0.0751
63 74 0.0241
63 73 0.0181
64 81 0.0013
64 80 0.0026
64 79 0.0091
64 78 0.0382
64 77 0.6788
64 76 0.1863
64 75 0.0647
64 74 0.0368
64 73 0.0015
65 81 0.0022
65 80 0.0076
65 79 0.0275
65 78 0.4586
65 77 0.2488
65 76 0.1748
65 75 0.0886
65 74 0.0046
66 82 0.0012
66 81 0.0054
66 80 0.0222
66 79 0.2696
66 78 0.2177
66 77 0.2471
66 76 0.2326
66 75 0.0131
66 74 0.0014
67 82 0.0030
67 81 0.0172
67 80 0.1930
67 79 0.1066
67 78 0.2273
67 77 0.4237
67 76 0.0370
67 75 0.0043
68 83 0.0024
68 82 0.0120
68 81 0.1379
68 80 0.0833
68 79 0.1221
68 78 0.5888
68 77 0.0598
68 76 0.0099
68 75 0.0017
69 84 0.0024
69 83 0.0107
69 82 0.0961
69 81 0.0656
69 80 0.1059
69 79 0.6606
69 78 0.0613
69 77 0.0112
69 76 0.0027
70 84 0.0104
70 83 0.0806
70 82 0.0328
70 81 0.0978
70 80 0.7237
70 79 0.0607
70 78 0.0107
70 77 0.0027
70 76 0.0011
71 84 0.0580
71 83 0.0438
71 82 0.0612
71 81 0.7982
71 80 0.0539
71 79 0.0092
71 78 0.0025
71 77 0.0011
72 84 0.0662
72 83 0.0659
72 82 0.8372
72 81 0.0378
72 80 0.0064
72 79 0.0018
73 84 0.0865
73 83 0.9005
73 82 0.0321
73 81 0.0049
73 80 0.0017
74 84 1.0000
74 83 0.0167
74 82 0.0037
74 81 0.0013
