11 18 0.0943
11 19 0.1449
10 20 0.1381
9 20 0.0738
15 20 0.1338
14 20 0.0191
13 20 0.0133
8 21 0.0549
16 21 0.3076
8 22 0.0034
11 22 0.0012
16 22 0.0180
16 23 0.0135
10 24 0.0002
9 24 0.0004
12 24 0.5041
13 24 0.0052
19 24 0.0001
18 24 0.0023
8 25 0.0001
11 25 0.6433
7 26 0.0001
10 26 0.6417
9 26 0.0007
19 26 0.0001
8 27 0.0015
9 28 0.0033
33 37 0.0036
34 38 0.0462
34 39 0.0153
35 39 0.0005
32 40 0.9980
31 41 0.9994
30 42 0.9994
29 43 0.9907
34 43 0.0001
28 44 0.9019
33 44 0.0001
12 45 0.0007
11 46 0.0007
26 46 0.1885
10 47 0.0007
31 47 0.0001
25 47 0.1885
9 48 0.0007
30 48 0.0001
23 49 0.0040
22 50 0.0041
21 51 0.0013
23 51 0.0003
20 52 0.0001
28 52 0.0309
48 52 0.0384
47 52 0.0262
45 52 0.0002
12 53 0.0001
21 53 0.0002
27 53 0.0642
46 53 0.0262
11 54 0.0001
20 54 0.0003
26 54 0.0676
45 54 0.0265
47 54 0.6881
48 54 0.0113
18 55 0.0002
12 55 0.0001
19 55 0.0003
10 55 0.0001
25 55 0.0677
44 55 0.0188
46 55 0.6947
11 56 0.0001
24 56 0.0679
45 56 0.6567
47 56 0.0047
10 57 0.0001
23 57 0.0622
44 57 0.0396
46 57 0.0043
45 58 0.0007
42 59 0.0002
41 60 0.0002
40 61 0.0002
39 63 0.0001
38 64 0.0001
37 65 0.0001
35 66 0.0002
34 67 0.0002
63 67 0.0036
33 68 0.0002
63 68 0.7723
64 68 0.1331
32 69 0.0002
14 69 0.0001
61 69 0.0002
31 70 0.0002
13 70 0.0001
62 70 0.9082
60 70 0.0002
30 71 0.0001
12 71 0.0001
61 71 0.9992
59 71 0.0002
10 72 0.0001
60 72 0.9994
58 72 0.0002
10 73 0.0001
9 73 0.0002
59 73 0.9994
9 74 0.0017
58 74 0.9927
9 75 0.0001
7 75 0.9870
56 75 0.0009
6 76 0.9989
5 77 1.0000
4 78 0.9998
3 79 1.0000
2 80 1.0000
1 81 0.9984
