15 20 0.0014
14 20 0.0016
15 21 0.2435
17 22 0.0001
16 22 0.0003
13 23 0.9993
12 24 1.0000
11 25 0.9993
10 26 0.9957
8 27 0.0008
9 28 0.0002
34 38 0.0508
34 39 0.0140
32 40 0.9943
31 41 0.9988
32 41 0.0001
30 42 0.9986
29 43 0.9987
28 44 0.8985
28 45 0.0005
26 46 0.0019
28 46 0.0001
25 47 0.0001
26 47 0.0001
27 48 0.0002
44 48 0.0001
27 49 0.0017
43 49 0.0001
55 59 0.0001
55 60 0.0119
56 60 0.0092
54 61 0.0003
54 62 0.9997
53 62 0.0002
53 63 0.9999
52 63 0.0001
52 64 0.9999
51 65 0.9995
50 66 0.9972
7 67 0.9015
6 68 0.9996
5 69 1.0000
4 70 1.0000
3 71 0.9999
2 72 0.9982
