15 20 0.0082
14 20 0.0024
14 21 0.0173
15 21 0.0290
17 22 0.0003
16 22 0.0010
13 23 0.9990
12 24 0.9995
11 25 0.9998
10 26 0.9976
8 27 0.0025
34 38 0.5895
33 38 0.0031
33 39 0.9901
34 39 0.0059
32 40 0.9998
31 41 0.9992
30 42 1.0000
29 43 0.9984
29 44 0.0002
28 44 0.9922
28 45 0.0013
26 45 0.0002
28 46 0.0001
26 46 0.0004
27 48 0.0001
24 48 0.0002
23 49 0.0002
45 49 0.0019
45 50 0.0002
55 59 0.0001
55 60 0.0120
56 60 0.0089
54 61 0.0002
54 62 0.9998
53 62 0.0001
53 63 0.9999
52 64 0.9996
50 65 0.0006
51 65 0.9994
8 66 0.0061
50 66 0.9881
49 66 0.0016
6 67 0.0001
8 67 0.0007
7 67 0.8277
48 67 0.0007
7 68 0.0005
6 68 0.9808
5 69 0.9915
4 70 0.9985
3 71 1.0000
2 72 1.0000
1 73 0.9985
