11 17 0.0001
11 18 0.0257
10 19 0.0254
15 19 0.0003
14 19 0.0237
13 19 0.0001
10 20 0.0002
9 20 0.0249
13 20 0.0314
15 20 0.9203
8 21 0.0073
16 21 0.0040
8 22 0.0002
16 22 0.0052
16 23 0.0066
12 24 0.9571
15 24 0.0011
11 25 0.9674
16 25 0.0002
19 25 0.0001
10 26 0.9658
9 26 0.0006
13 26 0.0001
15 26 0.0002
18 26 0.0001
17 26 0.0001
21 26 0.0002
8 27 0.0007
20 27 0.0002
9 28 0.0002
34 38 0.9280
33 39 0.9257
34 39 0.0015
32 40 0.9987
31 41 0.9991
30 42 0.9986
29 43 0.9984
28 44 0.8837
28 45 0.0010
24 46 0.0001
26 46 0.0034
23 47 0.0001
25 47 0.0027
22 48 0.0001
21 49 0.0001
22 50 0.0004
21 51 0.0005
47 54 0.0137
46 55 0.0137
52 56 0.1064
51 57 0.1854
50 57 0.0016
49 57 0.0050
52 57 0.0093
51 58 0.0148
50 58 0.0027
49 58 0.8810
48 58 0.0037
50 59 0.0118
48 59 0.8803
47 59 0.0028
47 60 0.8719
10 61 0.0001
46 61 0.8583
9 62 0.0001
27 62 0.0001
46 62 0.0055
41 65 0.0004
41 66 0.0004
40 66 0.0003
40 67 0.0004
39 68 0.0003
38 68 0.0005
38 69 0.0002
37 69 0.0007
36 70 0.0009
35 71 0.0009
34 72 0.0009
68 72 0.0001
33 73 0.0009
68 73 0.1803
69 73 0.0079
32 74 0.0009
67 74 0.2257
31 75 0.0009
67 75 0.7728
66 75 0.2262
67 76 0.0001
66 76 0.7726
65 76 0.2263
7 77 0.0001
9 77 0.0001
66 77 0.0001
65 77 0.7724
64 77 0.2264
6 78 0.0001
9 78 0.0069
7 78 0.0013
65 78 0.0001
64 78 0.7453
63 78 0.1897
5 79 0.0001
9 79 0.0054
3 79 0.0001
6 79 0.0078
60 79 0.0001
64 79 0.0003
63 79 0.5266
5 80 0.0093
2 80 0.0002
9 80 0.0002
7 80 0.9656
2 81 0.0001
3 81 0.0056
1 81 0.0001
4 81 0.0055
6 81 0.9840
1 82 0.0001
2 82 0.0092
5 82 0.9857
2 83 0.0003
3 83 0.0030
1 83 0.0071
4 83 0.9515
1 84 0.0004
2 84 0.0053
4 84 0.0001
3 84 0.6753
