13 17 0.0001
12 17 0.0114
11 18 0.0114
9 20 0.0002
15 20 0.7045
14 20 0.2594
8 21 0.0005
13 21 0.0502
16 21 0.0200
13 22 0.9020
16 22 0.0047
12 23 0.9886
11 24 0.9886
10 25 0.9857
9 25 0.0009
8 26 0.0007
9 27 0.0002
32 36 0.0013
32 37 0.3650
33 37 0.0235
33 38 0.0109
34 38 0.0010
31 39 0.9885
30 40 0.9912
29 41 0.9907
28 42 0.9905
35 42 0.0003
27 43 0.8770
34 43 0.0003
27 44 0.0007
33 44 0.0003
25 45 0.0035
32 45 0.0003
40 45 0.0001
39 46 0.0001
26 47 0.0003
23 47 0.0007
22 47 0.0001
38 47 0.0001
43 47 0.0001
26 48 0.0002
22 48 0.0006
21 48 0.0001
37 48 0.0001
42 48 0.0001
43 48 0.0004
44 48 0.0005
42 50 0.0014
40 52 0.0080
39 53 0.0081
38 54 0.0081
37 55 0.0081
36 56 0.0081
35 57 0.0076
34 57 0.0005
33 58 0.0059
34 58 0.0022
54 58 0.0036
32 59 0.0081
54 59 0.8439
55 59 0.1444
31 60 0.0081
30 61 0.0080
53 61 0.9915
9 62 0.0001
52 62 0.9919
51 63 0.9915
27 64 0.0001
50 64 0.9919
26 65 0.0001
9 65 0.0059
49 65 0.9834
7 66 0.9651
9 66 0.0002
49 66 0.0001
45 66 0.0001
6 67 1.0000
5 68 1.0000
4 69 1.0000
3 70 0.9999
2 71 0.9917
1 71 0.0001
2 72 0.0004
1 72 0.8810
