15 19 0.0003
14 19 0.0221
13 20 0.0220
15 20 0.9640
16 21 0.0052
16 22 0.0046
16 23 0.0021
12 24 0.9893
15 24 0.0002
11 25 0.9982
10 26 0.9969
9 26 0.0003
8 27 0.0003
9 28 0.0001
34 38 0.9570
33 39 0.9550
34 39 0.0010
32 40 0.9997
31 41 1.0000
30 42 0.9996
29 43 0.9996
28 44 0.9047
28 45 0.0011
47 54 0.0230
46 55 0.0230
52 56 0.0932
51 57 0.1676
50 57 0.0013
49 57 0.0046
52 57 0.0107
51 58 0.0169
50 58 0.0025
49 58 0.8698
48 58 0.0034
50 59 0.0139
48 59 0.8694
47 59 0.0027
47 60 0.8618
46 61 0.8502
46 62 0.0026
68 72 0.0002
68 73 0.2969
69 73 0.0177
67 74 0.3086
67 75 0.6907
66 75 0.3092
66 76 0.6907
65 76 0.3093
65 77 0.6906
64 77 0.3092
64 78 0.6735
63 78 0.2635
9 78 0.0008
7 78 0.0012
64 79 0.0002
63 79 0.5003
60 79 0.0001
5 79 0.0001
6 79 0.0071
9 79 0.0012
5 80 0.0084
7 80 0.9683
4 81 0.0050
3 81 0.0049
2 81 0.0001
6 81 0.9862
5 82 0.9878
2 82 0.0081
1 82 0.0001
4 83 0.9559
3 83 0.0030
2 83 0.0003
1 83 0.0063
4 84 0.0001
3 84 0.6894
2 84 0.0054
1 84 0.0004
