12 17 0.0001
11 18 0.0001
15 20 0.6965
14 20 0.2717
13 21 0.0652
16 21 0.0289
13 22 0.9047
16 22 0.0029
12 23 0.9999
11 24 0.9999
10 25 0.9980
9 25 0.0005
8 26 0.0003
9 27 0.0001
32 36 0.0012
32 37 0.4366
33 37 0.0286
33 38 0.0128
34 38 0.0007
31 39 0.9973
30 40 0.9999
29 41 0.9995
28 42 0.9994
27 43 0.9026
27 44 0.0008
25 45 0.0002
26 47 0.0001
26 48 0.0001
44 48 0.0005
54 58 0.0034
54 59 0.7859
55 59 0.2107
53 61 0.9996
52 62 1.0000
51 63 0.9996
50 64 1.0000
49 65 0.9944
9 65 0.0006
49 66 0.0001
7 66 0.9666
6 67 1.0000
5 68 1.0000
4 69 1.0000
3 70 0.9999
2 71 0.9919
1 71 0.0001
2 72 0.0004
1 72 0.8831
