15 20 0.0041
14 20 0.0049
15 21 0.9897
17 22 0.0005
16 22 0.0008
13 23 0.9976
12 24 1.0000
11 25 0.9996
10 26 0.9975
8 27 0.0004
9 28 0.0001
34 38 0.7646
34 39 0.2284
32 40 0.9325
31 41 0.9929
30 42 0.9927
29 43 0.9936
28 44 0.9058
28 45 0.0006
26 46 0.0005
27 48 0.0001
44 48 0.0004
27 49 0.0006
43 49 0.0004
55 59 0.0031
55 60 0.4635
56 60 0.5334
54 61 0.0063
54 62 0.9916
53 62 0.0029
53 63 0.9971
52 63 0.0011
52 64 0.9989
51 65 0.9996
50 66 0.9977
7 67 0.9058
6 68 0.9997
5 69 1.0000
4 70 1.0000
3 71 0.9999
2 72 0.9982
