15 20 0.3244
14 20 0.0374
14 21 0.5462
15 21 0.3654
17 22 0.0024
16 22 0.0193
13 23 0.9895
12 24 0.9994
11 25 0.9996
10 26 0.9981
8 27 0.0013
34 38 0.7026
33 38 0.0021
33 39 0.9917
34 39 0.0054
32 40 0.9999
31 41 0.9994
30 42 1.0000
29 43 0.9989
29 44 0.0002
28 44 0.9940
28 45 0.0012
26 45 0.0001
26 46 0.0001
45 49 0.0022
45 50 0.0001
55 59 0.0029
55 60 0.4625
56 60 0.5346
54 61 0.0053
54 62 0.9926
53 62 0.0018
53 63 0.9982
52 64 0.9997
51 65 0.9995
50 65 0.0005
50 66 0.9924
49 66 0.0015
8 66 0.0025
48 67 0.0006
7 67 0.8337
6 67 0.0001
8 67 0.0006
7 68 0.0004
6 68 0.9822
5 69 0.9922
4 70 0.9986
3 71 1.0000
2 72 1.0000
1 73 0.9985
