11 18 0.0005
11 19 0.0001
15 20 0.2148
14 20 0.0298
13 20 0.0093
16 21 0.5904
11 22 0.0001
16 22 0.0273
16 23 0.0078
12 24 0.8775
13 24 0.0038
11 25 0.9797
10 26 0.9779
9 26 0.0005
8 27 0.0013
9 28 0.0014
33 37 0.0023
34 38 0.0566
34 39 0.0197
35 39 0.0004
32 40 0.9986
31 41 1.0000
30 42 1.0000
29 43 0.9944
28 44 0.9484
26 46 0.0020
25 47 0.0020
48 52 0.0331
47 52 0.0214
46 53 0.0213
45 54 0.0208
47 54 0.9343
48 54 0.0145
46 55 0.9447
44 55 0.0130
45 56 0.8823
47 56 0.0062
46 57 0.0056
44 57 0.0293
45 58 0.0005
63 67 0.0031
63 68 0.7850
64 68 0.2119
62 70 0.9991
61 71 0.9998
60 72 1.0000
59 73 1.0000
58 74 0.9942
9 74 0.0008
56 75 0.0004
7 75 0.9885
6 76 0.9990
5 77 1.0000
4 78 0.9998
3 79 1.0000
2 80 1.0000
1 81 0.9985
